

X, Y
2e-06, 0.00289156
1.997e-06, 0.00291506
1.99401e-06, 0.00293406
1.99104e-06, 0.00294437
1.98807e-06, 0.00294556
1.9851e-06, 0.00294112
1.98215e-06, 0.00293703
1.97921e-06, 0.00293908
1.97627e-06, 0.00295049
1.97335e-06, 0.00297044
1.97043e-06, 0.00299443
1.96752e-06, 0.00301626
1.96462e-06, 0.00303066
1.96173e-06, 0.00303557
1.95884e-06, 0.00303304
1.95597e-06, 0.00302834
1.9531e-06, 0.0030277
1.95024e-06, 0.00303562
1.94739e-06, 0.00305295
1.94455e-06, 0.00307647
1.94172e-06, 0.00310034
1.93889e-06, 0.00311856
1.93608e-06, 0.00312759
1.93327e-06, 0.00312786
1.93047e-06, 0.00312358
1.92768e-06, 0.00312098
1.92489e-06, 0.00312554
1.92212e-06, 0.00313973
1.91935e-06, 0.00316186
1.91659e-06, 0.00318684
1.91383e-06, 0.00320837
1.91109e-06, 0.00322166
1.90835e-06, 0.00322545
1.90562e-06, 0.00322264
1.9029e-06, 0.00321896
1.90019e-06, 0.00322056
1.89748e-06, 0.00323133
1.89479e-06, 0.00325124
1.8921e-06, 0.00327634
1.88941e-06, 0.00330047
1.88674e-06, 0.00331787
1.88407e-06, 0.00332573
1.88141e-06, 0.00332534
1.87876e-06, 0.00332159
1.87611e-06, 0.00332083
1.87348e-06, 0.00332815
1.87085e-06, 0.0033452
1.86822e-06, 0.00336944
1.86561e-06, 0.00339527
1.863e-06, 0.0034164
1.8604e-06, 0.00342859
1.85781e-06, 0.00343146
1.85522e-06, 0.00342868
1.85264e-06, 0.00342637
1.85007e-06, 0.00343048
1.8475e-06, 0.00344422
1.84495e-06, 0.00346669
1.8424e-06, 0.00349322
1.83985e-06, 0.00351744
1.83732e-06, 0.00353397
1.83479e-06, 0.00354075
1.83226e-06, 0.00353996
1.82975e-06, 0.00353706
1.82724e-06, 0.00353843
1.82474e-06, 0.00354868
1.82224e-06, 0.00356858
1.81975e-06, 0.00359479
1.81727e-06, 0.00362127
1.8148e-06, 0.00364186
1.81233e-06, 0.00365296
1.80987e-06, 0.00365507
1.80741e-06, 0.0036526
1.80497e-06, 0.00365195
1.80252e-06, 0.00365877
1.80009e-06, 0.00367552
1.79766e-06, 0.00370041
1.79524e-06, 0.00372817
1.79283e-06, 0.00375228
1.79042e-06, 0.00376784
1.78801e-06, 0.00377362
1.78562e-06, 0.00377264
1.78323e-06, 0.00377084
1.78085e-06, 0.00377457
1.77847e-06, 0.00378781
1.7761e-06, 0.00381047
1.77374e-06, 0.00383845
1.77138e-06, 0.00386533
1.76903e-06, 0.0038852
1.76668e-06, 0.00389519
1.76434e-06, 0.00389668
1.76201e-06, 0.00389475
1.75968e-06, 0.00389597
1.75736e-06, 0.00390561
1.75505e-06, 0.00392531
1.75274e-06, 0.00395243
1.75044e-06, 0.00398113
1.74814e-06, 0.00400491
1.74585e-06, 0.00401939
1.74357e-06, 0.00402421
1.74129e-06, 0.0040232
1.73902e-06, 0.00402272
1.73675e-06, 0.00402893
1.73449e-06, 0.00404515
1.73224e-06, 0.0040704
1.72999e-06, 0.00409984
1.72774e-06, 0.00412684
1.72551e-06, 0.0041458
1.72328e-06, 0.00415463
1.72105e-06, 0.00415559
1.71883e-06, 0.00415437
1.71662e-06, 0.00415761
1.71441e-06, 0.00417009
1.71221e-06, 0.00419262
1.71001e-06, 0.00422172
1.70782e-06, 0.0042511
1.70563e-06, 0.00427436
1.70345e-06, 0.00428775
1.70128e-06, 0.00429178
1.69911e-06, 0.00429102
1.69694e-06, 0.0042921
1.69479e-06, 0.00430091
1.69263e-06, 0.00431999
1.69049e-06, 0.00434749
1.68834e-06, 0.00437793
1.68621e-06, 0.00440456
1.68408e-06, 0.00442228
1.68195e-06, 0.00442981
1.67983e-06, 0.00443032
1.67772e-06, 0.00442998
1.67561e-06, 0.00443541
1.6735e-06, 0.00445075
1.6714e-06, 0.0044759
1.66931e-06, 0.00450657
1.66722e-06, 0.00453608
1.66514e-06, 0.00455827
1.66306e-06, 0.00457011
1.66099e-06, 0.00457305
1.65892e-06, 0.00457239
1.65686e-06, 0.004575
1.6548e-06, 0.00458638
1.65275e-06, 0.00460826
1.6507e-06, 0.0046379
1.64866e-06, 0.0046692
1.64662e-06, 0.00469536
1.64459e-06, 0.00471178
1.64256e-06, 0.00471807
1.64054e-06, 0.00471822
1.63852e-06, 0.00471886
1.63651e-06, 0.00472645
1.63451e-06, 0.0047445
1.6325e-06, 0.004772
1.63051e-06, 0.00480392
1.62851e-06, 0.00483331
1.62653e-06, 0.0048543
1.62454e-06, 0.00486466
1.62256e-06, 0.00486671
1.62059e-06, 0.0048664
1.61862e-06, 0.0048707
1.61666e-06, 0.00488461
1.6147e-06, 0.00490905
1.61275e-06, 0.00494039
1.6108e-06, 0.00497204
1.60885e-06, 0.00499728
1.60691e-06, 0.00501214
1.60498e-06, 0.00501713
1.60305e-06, 0.005017
1.60112e-06, 0.00501874
1.5992e-06, 0.00502857
1.59728e-06, 0.00504922
1.59537e-06, 0.00507881
1.59346e-06, 0.0051116
1.59156e-06, 0.00514047
1.58966e-06, 0.00516
1.58777e-06, 0.00516875
1.58588e-06, 0.00516997
1.58399e-06, 0.00517015
1.58211e-06, 0.00517623
1.58024e-06, 0.00519267
1.57837e-06, 0.00521946
1.5765e-06, 0.00525217
1.57464e-06, 0.0052838
1.57278e-06, 0.00530782
1.57092e-06, 0.00532096
1.56907e-06, 0.00532465
1.56723e-06, 0.00532438
1.56539e-06, 0.00532738
1.56355e-06, 0.00533948
1.56172e-06, 0.00536264
1.55989e-06, 0.00539405
1.55807e-06, 0.00542736
1.55625e-06, 0.00545539
1.55443e-06, 0.00547324
1.55262e-06, 0.00548037
1.55081e-06, 0.00548086
1.54901e-06, 0.00548169
1.54721e-06, 0.00548969
1.54542e-06, 0.00550864
1.54363e-06, 0.00553761
1.54184e-06, 0.00557139
1.54006e-06, 0.00560267
1.53828e-06, 0.00562522
1.53651e-06, 0.00563655
1.53474e-06, 0.00563902
1.53298e-06, 0.00563879
1.53121e-06, 0.00564323
1.52946e-06, 0.0056577
1.5277e-06, 0.00568329
1.52595e-06, 0.00571628
1.52421e-06, 0.0057498
1.52247e-06, 0.00577672
1.52073e-06, 0.00579276
1.519e-06, 0.0057983
1.51727e-06, 0.00579826
1.51554e-06, 0.00579998
1.51382e-06, 0.00581006
1.5121e-06, 0.00583154
1.51039e-06, 0.00586255
1.50868e-06, 0.00589714
1.50697e-06, 0.0059278
1.50527e-06, 0.00594872
1.50357e-06, 0.00595825
1.50188e-06, 0.00595967
1.50019e-06, 0.00595976
1.4985e-06, 0.00596588
1.49682e-06, 0.00598285
1.49514e-06, 0.00601081
1.49346e-06, 0.00604521
1.49179e-06, 0.00607871
1.49012e-06, 0.00610434
1.48846e-06, 0.00611854
1.4868e-06, 0.00612264
1.48514e-06, 0.00612234
1.48349e-06, 0.00612525
1.48184e-06, 0.00613765
1.48019e-06, 0.00616173
1.47855e-06, 0.00619469
1.47691e-06, 0.00622991
1.47528e-06, 0.00625978
1.47365e-06, 0.006279
1.47202e-06, 0.00628684
1.47039e-06, 0.00628749
1.46877e-06, 0.00628823
1.46716e-06, 0.00629636
1.46554e-06, 0.00631601
1.46393e-06, 0.00634638
1.46233e-06, 0.00638207
1.46072e-06, 0.00641539
1.45912e-06, 0.00643966
1.45753e-06, 0.00645209
1.45594e-06, 0.00645499
1.45435e-06, 0.0064548
1.45276e-06, 0.0064593
1.45118e-06, 0.00647431
1.4496e-06, 0.00650113
1.44803e-06, 0.00653602
1.44645e-06, 0.00657175
1.44489e-06, 0.00660074
1.44332e-06, 0.0066183
1.44176e-06, 0.00662466
1.4402e-06, 0.00662489
1.43865e-06, 0.00662673
1.4371e-06, 0.00663725
1.43555e-06, 0.00665982
1.434e-06, 0.00669267
1.43246e-06, 0.0067296
1.43092e-06, 0.00676266
1.42939e-06, 0.00678557
1.42786e-06, 0.00679639
1.42633e-06, 0.00679844
1.4248e-06, 0.00679881
1.42328e-06, 0.00680535
1.42176e-06, 0.00682331
1.42025e-06, 0.00685305
1.41874e-06, 0.00688988
1.41723e-06, 0.00692607
1.41572e-06, 0.00695417
1.41422e-06, 0.0069702
1.41272e-06, 0.00697538
1.41122e-06, 0.00697565
1.40973e-06, 0.00697907
1.40824e-06, 0.0069924
1.40676e-06, 0.00701819
1.40527e-06, 0.00705363
1.40379e-06, 0.0070918
1.40231e-06, 0.00712459
1.40084e-06, 0.00714621
1.39937e-06, 0.00715569
1.3979e-06, 0.0071573
1.39644e-06, 0.00715874
1.39498e-06, 0.00716781
1.39352e-06, 0.00718911
1.39206e-06, 0.00722197
1.39061e-06, 0.00726082
1.38916e-06, 0.00729747
1.38771e-06, 0.00732473
1.38627e-06, 0.00733941
1.38483e-06, 0.00734379
1.38339e-06, 0.00734459
1.38196e-06, 0.00735014
1.38052e-06, 0.00736676
1.3791e-06, 0.00739606
1.37767e-06, 0.00743424
1.37625e-06, 0.00747367
1.37483e-06, 0.00750622
1.37341e-06, 0.0075267
1.372e-06, 0.00753514
1.37059e-06, 0.00753679
1.36918e-06, 0.00753985
1.36777e-06, 0.00755199
1.36637e-06, 0.00757701
1.36497e-06, 0.00761323
1.36357e-06, 0.00765416
1.36218e-06, 0.00769131
1.36079e-06, 0.00771781
1.3594e-06, 0.00773139
1.35802e-06, 0.00773538
1.35663e-06, 0.00773726
1.35525e-06, 0.00774549
1.35388e-06, 0.00776586
1.3525e-06, 0.00779898
1.35113e-06, 0.00784002
1.34976e-06, 0.00788077
1.3484e-06, 0.00791312
1.34704e-06, 0.00793263
1.34567e-06, 0.00794038
1.34432e-06, 0.00794255
1.34296e-06, 0.0079478
1.34161e-06, 0.00796351
1.34026e-06, 0.00799264
1.33891e-06, 0.0080324
1.33757e-06, 0.00807549
1.33623e-06, 0.00811315
1.33489e-06, 0.00813899
1.33356e-06, 0.00815174
1.33222e-06, 0.00815576
1.33089e-06, 0.00815925
1.32956e-06, 0.00817071
1.32824e-06, 0.00819526
1.32692e-06, 0.00823246
1.3256e-06, 0.00827647
1.32428e-06, 0.00831853
1.32296e-06, 0.00835074
1.32165e-06, 0.00836944
1.32034e-06, 0.00837683
1.31904e-06, 0.00838002
1.31773e-06, 0.00838799
1.31643e-06, 0.00840776
1.31513e-06, 0.00844132
1.31384e-06, 0.00848479
1.31254e-06, 0.00853004
1.31125e-06, 0.00856821
1.30996e-06, 0.00859349
1.30867e-06, 0.00860563
1.30739e-06, 0.0086101
1.30611e-06, 0.00861572
1.30483e-06, 0.0086309
1.30355e-06, 0.00866002
1.30228e-06, 0.00870152
1.30101e-06, 0.00874854
1.29974e-06, 0.00879189
1.29847e-06, 0.00882395
1.29721e-06, 0.00884199
1.29595e-06, 0.00884934
1.29469e-06, 0.008854
1.29343e-06, 0.00886521
1.29218e-06, 0.00888946
1.29093e-06, 0.00892771
1.28968e-06, 0.00897496
1.28843e-06, 0.00902235
1.28719e-06, 0.00906097
1.28594e-06, 0.00908572
1.2847e-06, 0.00909748
1.28347e-06, 0.00910277
1.28223e-06, 0.00911099
1.281e-06, 0.00913035
1.27977e-06, 0.00916435
1.27854e-06, 0.00921027
1.27732e-06, 0.00926028
1.27609e-06, 0.00930482
1.27487e-06, 0.0093367
1.27365e-06, 0.00935418
1.27244e-06, 0.00936178
1.27122e-06, 0.00936833
1.27001e-06, 0.0093832
1.2688e-06, 0.00941229
1.2676e-06, 0.00945542
1.26639e-06, 0.00950645
1.26519e-06, 0.00955586
1.26399e-06, 0.00959483
1.26279e-06, 0.00961905
1.2616e-06, 0.0096306
1.2604e-06, 0.00963705
1.25921e-06, 0.00964828
1.25802e-06, 0.00967219
1.25684e-06, 0.0097113
1.25565e-06, 0.00976169
1.25447e-06, 0.00981458
1.25329e-06, 0.00986015
1.25211e-06, 0.00989174
1.25094e-06, 0.00990872
1.24977e-06, 0.0099168
1.24859e-06, 0.0099256
1.24743e-06, 0.00994452
1.24626e-06, 0.00997871
1.24509e-06, 0.0100268
1.24393e-06, 0.0100816
1.24277e-06, 0.0101328
1.24161e-06, 0.0101719
1.24046e-06, 0.0101956
1.23931e-06, 0.010207
1.23815e-06, 0.0102149
1.237e-06, 0.0102295
1.23586e-06, 0.0102583
1.23471e-06, 0.0103027
1.23357e-06, 0.0103575
1.23243e-06, 0.0104131
1.23129e-06, 0.0104594
1.23015e-06, 0.0104906
1.22902e-06, 0.0105071
1.22789e-06, 0.0105159
1.22676e-06, 0.0105272
1.22563e-06, 0.0105505
1.2245e-06, 0.01059
1.22338e-06, 0.0106431
1.22226e-06, 0.0107014
1.22114e-06, 0.0107542
1.22002e-06, 0.0107933
1.2189e-06, 0.0108163
1.21779e-06, 0.0108277
1.21668e-06, 0.0108374
1.21557e-06, 0.0108556
1.21446e-06, 0.0108895
1.21335e-06, 0.0109393
1.21225e-06, 0.0109984
1.21115e-06, 0.0110565
1.21005e-06, 0.0111034
1.20895e-06, 0.0111339
1.20785e-06, 0.0111499
1.20676e-06, 0.0111595
1.20567e-06, 0.0111738
1.20458e-06, 0.0112017
1.20349e-06, 0.0112467
1.20241e-06, 0.0113048
1.20132e-06, 0.0113665
1.20024e-06, 0.0114206
1.19916e-06, 0.0114593
1.19808e-06, 0.0114815
1.19701e-06, 0.0114931
1.19593e-06, 0.0115047
1.19486e-06, 0.011527
1.19379e-06, 0.0115662
1.19272e-06, 0.0116214
1.19165e-06, 0.0116848
1.19059e-06, 0.011745
1.18953e-06, 0.0117922
1.18847e-06, 0.0118219
1.18741e-06, 0.0118374
1.18635e-06, 0.0118481
1.18529e-06, 0.0118655
1.18424e-06, 0.0118985
1.18319e-06, 0.0119492
1.18214e-06, 0.0120122
1.18109e-06, 0.012077
1.18005e-06, 0.0121321
1.179e-06, 0.0121704
1.17796e-06, 0.0121917
1.17692e-06, 0.0122035
1.17588e-06, 0.0122174
1.17485e-06, 0.0122441
1.17381e-06, 0.0122889
1.17278e-06, 0.0123497
1.17175e-06, 0.0124171
1.17072e-06, 0.0124793
1.16969e-06, 0.0125264
1.16866e-06, 0.0125552
1.16764e-06, 0.0125703
1.16662e-06, 0.0125824
1.1656e-06, 0.0126034
1.16458e-06, 0.0126417
1.16356e-06, 0.0126982
1.16255e-06, 0.0127663
1.16153e-06, 0.012834
1.16052e-06, 0.0128899
1.15951e-06, 0.0129274
1.1585e-06, 0.0129479
1.1575e-06, 0.0129602
1.15649e-06, 0.0129768
1.15549e-06, 0.0130082
1.15449e-06, 0.0130591
1.15349e-06, 0.0131256
1.15249e-06, 0.0131971
1.1515e-06, 0.013261
1.1505e-06, 0.0133079
1.14951e-06, 0.0133357
1.14852e-06, 0.0133506
1.14753e-06, 0.0133644
1.14654e-06, 0.0133894
1.14556e-06, 0.0134336
1.14457e-06, 0.0134964
1.14359e-06, 0.0135695
1.14261e-06, 0.0136402
1.14163e-06, 0.0136967
1.14066e-06, 0.0137333
1.13968e-06, 0.0137531
1.13871e-06, 0.0137662
1.13773e-06, 0.013786
1.13676e-06, 0.0138229
1.1358e-06, 0.0138802
1.13483e-06, 0.0139527
1.13386e-06, 0.0140283
1.1329e-06, 0.0140939
1.13194e-06, 0.0141405
1.13098e-06, 0.0141674
1.13002e-06, 0.0141823
1.12906e-06, 0.0141984
1.1281e-06, 0.0142282
1.12715e-06, 0.0142788
1.1262e-06, 0.0143483
1.12525e-06, 0.0144268
1.1243e-06, 0.0145004
1.12335e-06, 0.0145574
1.1224e-06, 0.0145933
1.12146e-06, 0.0146126
1.12052e-06, 0.0146271
1.11957e-06, 0.0146508
1.11863e-06, 0.0146939
1.1177e-06, 0.0147584
1.11676e-06, 0.0148373
1.11582e-06, 0.0149172
1.11489e-06, 0.0149845
1.11396e-06, 0.0150309
1.11303e-06, 0.0150571
1.1121e-06, 0.0150726
1.11117e-06, 0.0150917
1.11025e-06, 0.0151271
1.10932e-06, 0.0151851
1.1084e-06, 0.0152619
1.10748e-06, 0.0153461
1.10656e-06, 0.0154229
1.10564e-06, 0.0154806
1.10473e-06, 0.015516
1.10381e-06, 0.0155353
1.1029e-06, 0.0155519
1.10198e-06, 0.0155804
1.10107e-06, 0.0156307
1.10017e-06, 0.0157033
1.09926e-06, 0.0157892
1.09835e-06, 0.0158739
1.09745e-06, 0.0159432
1.09654e-06, 0.0159896
1.09564e-06, 0.0160156
1.09474e-06, 0.0160323
1.09384e-06, 0.0160554
1.09295e-06, 0.0160976
1.09205e-06, 0.016164
1.09116e-06, 0.0162492
1.09026e-06, 0.0163398
1.08937e-06, 0.0164201
1.08848e-06, 0.0164788
1.0876e-06, 0.0165141
1.08671e-06, 0.016534
1.08582e-06, 0.0165537
1.08494e-06, 0.0165884
1.08406e-06, 0.0166472
1.08318e-06, 0.016729
1.0823e-06, 0.016823
1.08142e-06, 0.016913
1.08054e-06, 0.0169847
1.07967e-06, 0.0170316
1.07879e-06, 0.0170579
1.07792e-06, 0.0170769
1.07705e-06, 0.0171053
1.07618e-06, 0.0171558
1.07531e-06, 0.0172321
1.07444e-06, 0.0173267
1.07358e-06, 0.0174246
1.07271e-06, 0.0175091
1.07185e-06, 0.0175694
1.07099e-06, 0.0176051
1.07013e-06, 0.0176267
1.06927e-06, 0.0176507
1.06841e-06, 0.0176931
1.06756e-06, 0.0177621
1.0667e-06, 0.0178546
1.06585e-06, 0.0179578
1.065e-06, 0.0180541
1.06415e-06, 0.0181289
1.0633e-06, 0.018177
1.06245e-06, 0.0182046
1.0616e-06, 0.0182271
1.06076e-06, 0.0182623
1.05992e-06, 0.0183229
1.05907e-06, 0.0184109
1.05823e-06, 0.0185166
1.05739e-06, 0.0186229
1.05655e-06, 0.0187125
1.05572e-06, 0.0187751
1.05488e-06, 0.0188123
1.05405e-06, 0.0188367
1.05321e-06, 0.0188667
1.05238e-06, 0.0189187
1.05155e-06, 0.0189999
1.05072e-06, 0.0191052
1.04989e-06, 0.0192192
1.04907e-06, 0.0193229
1.04824e-06, 0.0194017
1.04742e-06, 0.0194518
1.0466e-06, 0.0194819
1.04578e-06, 0.0195096
1.04496e-06, 0.0195537
1.04414e-06, 0.0196267
1.04332e-06, 0.0197286
1.0425e-06, 0.0198473
1.04169e-06, 0.0199637
1.04087e-06, 0.0200596
1.04006e-06, 0.0201255
1.03925e-06, 0.0201653
1.03844e-06, 0.0201941
1.03763e-06, 0.0202322
1.03683e-06, 0.0202963
1.03602e-06, 0.0203922
1.03521e-06, 0.0205126
1.03441e-06, 0.0206394
1.03361e-06, 0.0207521
1.03281e-06, 0.0208362
1.03201e-06, 0.0208896
1.03121e-06, 0.0209237
1.03041e-06, 0.0209584
1.02962e-06, 0.021014
1.02882e-06, 0.0211022
1.02803e-06, 0.0212208
1.02724e-06, 0.0213551
1.02644e-06, 0.0214836
1.02565e-06, 0.0215873
1.02487e-06, 0.0216579
1.02408e-06, 0.0217018
1.02329e-06, 0.021737
1.02251e-06, 0.0217857
1.02172e-06, 0.0218649
1.02094e-06, 0.0219788
1.02016e-06, 0.0221173
1.01938e-06, 0.0222595
1.0186e-06, 0.0223832
1.01782e-06, 0.0224742
1.01704e-06, 0.0225326
1.01627e-06, 0.0225726
1.01549e-06, 0.022617
1.01472e-06, 0.0226873
1.01395e-06, 0.0227942
1.01318e-06, 0.0229332
1.01241e-06, 0.0230863
1.01164e-06, 0.0232295
1.01087e-06, 0.0233431
1.01011e-06, 0.0234203
1.00934e-06, 0.0234703
1.00858e-06, 0.0235144
1.00781e-06, 0.023577
1.00705e-06, 0.0236752
1.00629e-06, 0.0238114
1.00553e-06, 0.0239719
1.00478e-06, 0.0241329
1.00402e-06, 0.0242704
1.00326e-06, 0.0243706
1.00251e-06, 0.024436
1.00175e-06, 0.0244846
1.001e-06, 0.0245421
1.00025e-06, 0.0246312
9.995e-07, 0.0247615
9.98751e-07, 0.0249257
9.98003e-07, 0.0251019
9.97256e-07, 0.0252634
9.9651e-07, 0.0253898
9.95766e-07, 0.0254762
9.95022e-07, 0.025535
9.9428e-07, 0.0255915
9.93539e-07, 0.0256724
9.92799e-07, 0.0257948
9.9206e-07, 0.0259588
9.91322e-07, 0.0261468
9.90585e-07, 0.0263312
9.89849e-07, 0.0264863
9.89114e-07, 0.0265988
9.88381e-07, 0.0266744
9.87648e-07, 0.0267351
9.86917e-07, 0.0268103
9.86186e-07, 0.0269238
9.85457e-07, 0.0270841
9.84729e-07, 0.02728
9.84002e-07, 0.0274853
9.83276e-07, 0.0276701
9.82551e-07, 0.0278135
9.81827e-07, 0.0279127
9.81104e-07, 0.0279843
9.80383e-07, 0.0280581
9.79662e-07, 0.0281634
9.78942e-07, 0.0283174
9.78224e-07, 0.028517
9.77506e-07, 0.0287401
9.7679e-07, 0.0289548
9.76074e-07, 0.0291329
9.7536e-07, 0.0292624
9.74647e-07, 0.0293528
9.73934e-07, 0.0294309
9.73223e-07, 0.0295304
9.72513e-07, 0.0296767
9.71804e-07, 0.0298761
9.71095e-07, 0.0301131
9.70388e-07, 0.0303563
9.69682e-07, 0.030572
9.68977e-07, 0.0307386
9.68273e-07, 0.0308562
9.6757e-07, 0.0309467
9.66868e-07, 0.0310449
9.66167e-07, 0.0311838
9.65467e-07, 0.03138
9.64768e-07, 0.0316268
9.6407e-07, 0.0318962
9.63373e-07, 0.0321511
9.62678e-07, 0.032361
9.61983e-07, 0.032515
9.61289e-07, 0.0326273
9.60596e-07, 0.0327312
9.59904e-07, 0.0328652
9.59213e-07, 0.0330566
9.58523e-07, 0.0333092
9.57834e-07, 0.0336017
9.57146e-07, 0.0338964
9.56459e-07, 0.0341548
9.55773e-07, 0.0343548
9.55088e-07, 0.0345001
9.54404e-07, 0.0346192
9.53721e-07, 0.0347537
9.53039e-07, 0.0349405
9.52358e-07, 0.0351958
9.51678e-07, 0.035508
9.50999e-07, 0.0358418
9.50321e-07, 0.0361534
9.49644e-07, 0.0364091
9.48967e-07, 0.0366001
9.48292e-07, 0.0367466
9.47618e-07, 0.0368902
9.46945e-07, 0.0370757
9.46272e-07, 0.0373323
9.45601e-07, 0.0376608
9.4493e-07, 0.0380325
9.44261e-07, 0.0384011
9.43592e-07, 0.0387223
9.42925e-07, 0.0389732
9.42258e-07, 0.0391625
9.41592e-07, 0.0393275
9.40927e-07, 0.0395186
9.40263e-07, 0.0397778
9.396e-07, 0.0401207
9.38938e-07, 0.040529
9.38277e-07, 0.0409578
9.37617e-07, 0.0413544
9.36958e-07, 0.0416812
9.363e-07, 0.0419319
9.35642e-07, 0.0421354
9.34986e-07, 0.0423439
9.3433e-07, 0.042611
9.33676e-07, 0.0429687
9.33022e-07, 0.0434132
9.32369e-07, 0.0439057
9.31718e-07, 0.0443884
9.31067e-07, 0.044809
9.30417e-07, 0.0451438
9.29767e-07, 0.0454085
9.29119e-07, 0.0456524
9.28472e-07, 0.0459383
9.27825e-07, 0.0463155
9.2718e-07, 0.0467985
9.26535e-07, 0.0473597
9.25892e-07, 0.0479406
9.25249e-07, 0.0484761
9.24607e-07, 0.0489231
9.23966e-07, 0.049279
9.23326e-07, 0.049585
9.22686e-07, 0.049909
9.22048e-07, 0.0503171
9.2141e-07, 0.0508456
9.20774e-07, 0.0514841
9.20138e-07, 0.052179
9.19503e-07, 0.0528556
9.18869e-07, 0.0534503
9.18236e-07, 0.0539379
9.17604e-07, 0.0543445
9.16972e-07, 0.054738
9.16342e-07, 0.0551994
9.15712e-07, 0.0557895
9.15084e-07, 0.0565212
9.14456e-07, 0.0573532
9.13829e-07, 0.0582062
9.13202e-07, 0.0589963
9.12577e-07, 0.0596715
9.11953e-07, 0.0602355
9.11329e-07, 0.0607487
9.10706e-07, 0.0613037
9.10084e-07, 0.0619873
9.09463e-07, 0.0628424
9.08843e-07, 0.063849
9.08224e-07, 0.0649302
9.07605e-07, 0.0659844
9.06987e-07, 0.0669288
9.0637e-07, 0.0677364
9.05754e-07, 0.0684508
9.05139e-07, 0.0691703
9.04525e-07, 0.070008
9.03911e-07, 0.0710443
9.03299e-07, 0.0722911
9.02687e-07, 0.0736845
9.02076e-07, 0.0751102
9.01466e-07, 0.0764516
9.00856e-07, 0.0776417
9.00248e-07, 0.078695
8.9964e-07, 0.0797064
8.99033e-07, 0.0808144
8.98427e-07, 0.0821446
8.97822e-07, 0.0837554
8.97217e-07, 0.0856108
8.96614e-07, 0.087593
8.96011e-07, 0.0895507
8.95409e-07, 0.0913656
8.94808e-07, 0.0930071
8.94207e-07, 0.0945529
8.93608e-07, 0.0961636
8.93009e-07, 0.0980195
8.92411e-07, 0.100246
8.91814e-07, 0.10286
8.91217e-07, 0.105755
8.90622e-07, 0.10875
8.90027e-07, 0.11166
8.89433e-07, 0.114389
8.88839e-07, 0.116976
8.88247e-07, 0.119596
8.87655e-07, 0.122498
8.87065e-07, 0.125909
8.86475e-07, 0.12994
8.85885e-07, 0.134535
8.85297e-07, 0.139494
8.84709e-07, 0.144555
8.84122e-07, 0.149522
8.83536e-07, 0.15436
8.82951e-07, 0.159248
8.82366e-07, 0.164532
8.81782e-07, 0.170609
8.81199e-07, 0.177779
8.80617e-07, 0.186129
8.80035e-07, 0.195497
8.79454e-07, 0.20555
8.78874e-07, 0.215947
8.78295e-07, 0.22653
8.77717e-07, 0.237468
8.77139e-07, 0.249278
8.76562e-07, 0.262714
8.75986e-07, 0.278541
8.75411e-07, 0.297296
8.74836e-07, 0.319108
8.74262e-07, 0.343707
8.73689e-07, 0.370604
8.73116e-07, 0.39943
8.72545e-07, 0.430295
8.71974e-07, 0.46402
8.71404e-07, 0.502108
8.70834e-07, 0.546391
8.70266e-07, 0.598386
8.69698e-07, 0.658529
8.6913e-07, 0.725483
8.68564e-07, 0.795771
8.67998e-07, 0.863887
8.67433e-07, 0.922937
8.66869e-07, 0.965702
8.66306e-07, 0.98592
8.65743e-07, 0.979466
8.65181e-07, 0.945173
8.64619e-07, 0.885092
8.64059e-07, 0.804139
8.63499e-07, 0.709217
8.6294e-07, 0.608049
8.62381e-07, 0.507966
8.61824e-07, 0.414935
8.61267e-07, 0.332973
8.6071e-07, 0.26402
8.60155e-07, 0.208205
8.596e-07, 0.164363
8.59046e-07, 0.130633
8.58493e-07, 0.104976
8.5794e-07, 0.0855212
8.57388e-07, 0.0707264
8.56837e-07, 0.0593757
8.56286e-07, 0.0505016
8.55736e-07, 0.0432988
8.55187e-07, 0.0370816
8.54639e-07, 0.031298
8.54091e-07, 0.025582
8.53544e-07, 0.0198061
8.52998e-07, 0.014099
8.52452e-07, 0.00881028
8.51907e-07, 0.00442214
8.51363e-07, 0.00143342
8.50819e-07, 0.00024396
8.50276e-07, 0.00106868
8.49734e-07, 0.003897
8.49193e-07, 0.00849947
8.48652e-07, 0.0144716
8.48112e-07, 0.0212992
8.47573e-07, 0.0284294
8.47034e-07, 0.035338
8.46496e-07, 0.0415862
8.45959e-07, 0.0468641
8.45422e-07, 0.0510183
8.44886e-07, 0.0540595
8.44351e-07, 0.0561468
8.43816e-07, 0.0575464
8.43282e-07, 0.058571
8.42749e-07, 0.0595105
8.42216e-07, 0.0605708
8.41684e-07, 0.0618365
8.41153e-07, 0.0632693
8.40622e-07, 0.0647409
8.40092e-07, 0.0660903
8.39563e-07, 0.0671862
8.39035e-07, 0.0679736
8.38507e-07, 0.0684895
8.37979e-07, 0.0688448
8.37453e-07, 0.0691798
8.36927e-07, 0.0696116
8.36402e-07, 0.0701938
8.35877e-07, 0.0709023
8.35353e-07, 0.0716511
8.3483e-07, 0.072332
8.34307e-07, 0.0728584
8.33785e-07, 0.0732001
8.33264e-07, 0.0733918
8.32743e-07, 0.073517
8.32223e-07, 0.0736721
8.31704e-07, 0.0739276
8.31185e-07, 0.0743024
8.30667e-07, 0.074759
8.3015e-07, 0.0752225
8.29633e-07, 0.0756135
8.29117e-07, 0.075881
8.28601e-07, 0.0760225
8.28086e-07, 0.0760825
8.27572e-07, 0.076133
8.27058e-07, 0.076242
8.26545e-07, 0.0764466
8.26033e-07, 0.0767392
8.25521e-07, 0.0770727
8.2501e-07, 0.0773821
8.245e-07, 0.0776127
8.2399e-07, 0.0777421
8.23481e-07, 0.0777889
8.22972e-07, 0.0778029
8.22465e-07, 0.0778437
8.21957e-07, 0.0779549
8.21451e-07, 0.0781474
8.20945e-07, 0.0783956
8.20439e-07, 0.07865
8.19934e-07, 0.0788586
8.1943e-07, 0.0789895
8.18927e-07, 0.0790429
8.18424e-07, 0.0790508
8.17921e-07, 0.0790617
8.1742e-07, 0.0791203
8.16919e-07, 0.0792485
8.16418e-07, 0.079437
8.15918e-07, 0.0796507
8.15419e-07, 0.0798438
8.14921e-07, 0.0799802
8.14422e-07, 0.0800478
8.13925e-07, 0.0800638
8.13428e-07, 0.0800657
8.12932e-07, 0.0800955
8.12436e-07, 0.0801814
8.11942e-07, 0.0803266
8.11447e-07, 0.0805084
8.10953e-07, 0.0806889
8.1046e-07, 0.0808313
8.09968e-07, 0.0809156
8.09476e-07, 0.0809468
8.08984e-07, 0.0809519
8.08493e-07, 0.080968
8.08003e-07, 0.0810266
8.07514e-07, 0.0811396
8.07025e-07, 0.0812956
8.06536e-07, 0.0814649
8.06048e-07, 0.0816125
8.05561e-07, 0.0817135
8.05075e-07, 0.0817633
8.04588e-07, 0.0817791
8.04103e-07, 0.081792
8.03618e-07, 0.0818338
8.03134e-07, 0.081923
8.0265e-07, 0.0820575
8.02167e-07, 0.082216
8.01684e-07, 0.0823672
8.01202e-07, 0.0824836
8.00721e-07, 0.0825533
8.0024e-07, 0.0825844
7.9976e-07, 0.0826015
7.9928e-07, 0.0826345
7.98801e-07, 0.0827063
7.98323e-07, 0.0828226
7.97845e-07, 0.0829702
7.97367e-07, 0.0831228
7.96891e-07, 0.0832525
7.96414e-07, 0.0833418
7.95939e-07, 0.0833909
7.95464e-07, 0.0834172
7.94989e-07, 0.0834478
7.94515e-07, 0.0835074
7.94042e-07, 0.0836082
7.93569e-07, 0.0837446
7.93097e-07, 0.0838961
7.92625e-07, 0.0840362
7.92154e-07, 0.0841436
7.91683e-07, 0.0842119
7.91213e-07, 0.0842512
7.90744e-07, 0.0842843
7.90275e-07, 0.0843363
7.89806e-07, 0.084424
7.89339e-07, 0.084549
7.88871e-07, 0.0846968
7.88405e-07, 0.0848439
7.87939e-07, 0.0849672
7.87473e-07, 0.0850546
7.87008e-07, 0.0851094
7.86543e-07, 0.0851492
7.86079e-07, 0.0851977
7.85616e-07, 0.085275
7.85153e-07, 0.0853885
7.84691e-07, 0.0855304
7.84229e-07, 0.085681
7.83768e-07, 0.0858173
7.83307e-07, 0.0859229
7.82847e-07, 0.0859947
7.82387e-07, 0.0860446
7.81928e-07, 0.0860936
7.8147e-07, 0.0861632
7.81012e-07, 0.0862659
7.80554e-07, 0.0864001
7.80098e-07, 0.086551
7.79641e-07, 0.086697
7.79185e-07, 0.0868189
7.7873e-07, 0.0869084
7.78275e-07, 0.0869712
7.77821e-07, 0.0870246
7.77367e-07, 0.0870897
7.76914e-07, 0.0871828
7.76461e-07, 0.0873082
7.76009e-07, 0.0874564
7.75558e-07, 0.0876086
7.75107e-07, 0.0877446
7.74656e-07, 0.0878516
7.74206e-07, 0.0879294
7.73757e-07, 0.0879905
7.73308e-07, 0.0880546
7.72859e-07, 0.0881401
7.72411e-07, 0.0882564
7.71964e-07, 0.0883995
7.71517e-07, 0.0885546
7.7107e-07, 0.0887019
7.70625e-07, 0.0888253
7.70179e-07, 0.0889193
7.69734e-07, 0.0889912
7.6929e-07, 0.089058
7.68846e-07, 0.0891386
7.68403e-07, 0.0892462
7.6796e-07, 0.0893827
7.67518e-07, 0.0895375
7.67076e-07, 0.0896929
7.66635e-07, 0.0898309
7.66194e-07, 0.0899415
7.65754e-07, 0.0900268
7.65314e-07, 0.0900996
7.64875e-07, 0.0901783
7.64436e-07, 0.0902788
7.63998e-07, 0.0904076
7.6356e-07, 0.0905596
7.63123e-07, 0.0907198
7.62686e-07, 0.09087
7.6225e-07, 0.0909969
7.61814e-07, 0.0910971
7.61379e-07, 0.0911792
7.60944e-07, 0.0912593
7.6051e-07, 0.0913546
7.60076e-07, 0.091476
7.59643e-07, 0.0916231
7.5921e-07, 0.091785
7.58778e-07, 0.0919446
7.58346e-07, 0.0920862
7.57915e-07, 0.0922023
7.57484e-07, 0.0922962
7.57054e-07, 0.0923811
7.56624e-07, 0.092474
7.56194e-07, 0.0925887
7.55766e-07, 0.0927296
7.55337e-07, 0.0928904
7.54909e-07, 0.0930563
7.54482e-07, 0.0932108
7.54055e-07, 0.0933426
7.53629e-07, 0.0934503
7.53203e-07, 0.0935431
7.52777e-07, 0.0936366
7.52352e-07, 0.0937462
7.51928e-07, 0.0938806
7.51504e-07, 0.0940381
7.5108e-07, 0.0942072
7.50657e-07, 0.0943719
7.50235e-07, 0.0945185
7.49812e-07, 0.0946411
7.49391e-07, 0.0947445
7.4897e-07, 0.0948417
7.48549e-07, 0.0949486
7.48129e-07, 0.0950769
7.47709e-07, 0.0952295
7.4729e-07, 0.095399
7.46871e-07, 0.0955711
7.46453e-07, 0.0957308
7.46035e-07, 0.0958686
7.45617e-07, 0.0959847
7.452e-07, 0.0960887
7.44784e-07, 0.0961956
7.44368e-07, 0.0963191
7.43952e-07, 0.0964662
7.43537e-07, 0.0966338
7.43123e-07, 0.0968104
7.42709e-07, 0.096981
7.42295e-07, 0.0971334
7.41882e-07, 0.0972637
7.41469e-07, 0.0973773
7.41057e-07, 0.0974872
7.40645e-07, 0.0976079
7.40233e-07, 0.0977497
7.39822e-07, 0.0979138
7.39412e-07, 0.0980922
7.39002e-07, 0.0982712
7.38592e-07, 0.098437
7.38183e-07, 0.098582
7.37774e-07, 0.0987075
7.37366e-07, 0.0988235
7.36959e-07, 0.098944
7.36551e-07, 0.0990816
7.36144e-07, 0.0992413
7.35738e-07, 0.0994193
7.35332e-07, 0.099604
7.34926e-07, 0.0997815
7.34521e-07, 0.099941
7.34117e-07, 0.10008
7.33713e-07, 0.100205
7.33309e-07, 0.100328
7.32906e-07, 0.100463
7.32503e-07, 0.100619
7.321e-07, 0.100795
7.31698e-07, 0.100983
7.31297e-07, 0.10117
7.30896e-07, 0.101343
7.30495e-07, 0.101496
7.30095e-07, 0.101633
7.29695e-07, 0.101762
7.29296e-07, 0.101897
7.28897e-07, 0.102049
7.28499e-07, 0.102222
7.28101e-07, 0.102411
7.27703e-07, 0.102605
7.27306e-07, 0.10279
7.26909e-07, 0.102959
7.26513e-07, 0.103108
7.26117e-07, 0.103245
7.25722e-07, 0.103383
7.25327e-07, 0.103533
7.24932e-07, 0.103703
7.24538e-07, 0.103892
7.24144e-07, 0.104091
7.23751e-07, 0.104287
7.23358e-07, 0.104469
7.22966e-07, 0.104633
7.22574e-07, 0.104781
7.22182e-07, 0.104924
7.21791e-07, 0.105075
7.214e-07, 0.105242
7.2101e-07, 0.105429
7.2062e-07, 0.105631
7.20231e-07, 0.105835
7.19842e-07, 0.10603
7.19453e-07, 0.106209
7.19065e-07, 0.10637
7.18677e-07, 0.106521
7.1829e-07, 0.106675
7.17903e-07, 0.106841
7.17516e-07, 0.107026
7.1713e-07, 0.107229
7.16744e-07, 0.107439
7.16359e-07, 0.107645
7.15974e-07, 0.107838
7.1559e-07, 0.108013
7.15206e-07, 0.108175
7.14822e-07, 0.108334
7.14439e-07, 0.108501
7.14056e-07, 0.108685
7.13674e-07, 0.108887
7.13292e-07, 0.109101
7.1291e-07, 0.109317
7.12529e-07, 0.109523
7.12148e-07, 0.109712
7.11768e-07, 0.109887
7.11388e-07, 0.110053
7.11008e-07, 0.110223
7.10629e-07, 0.110407
7.1025e-07, 0.110608
7.09872e-07, 0.110824
7.09494e-07, 0.111047
7.09117e-07, 0.111265
7.0874e-07, 0.111469
7.08363e-07, 0.111657
7.07987e-07, 0.111833
7.07611e-07, 0.112008
7.07235e-07, 0.112192
7.0686e-07, 0.112393
7.06485e-07, 0.11261
7.06111e-07, 0.112838
7.05737e-07, 0.113066
7.05363e-07, 0.113283
7.0499e-07, 0.113485
7.04618e-07, 0.113674
7.04245e-07, 0.113856
7.03873e-07, 0.114043
7.03502e-07, 0.114243
7.0313e-07, 0.114461
7.0276e-07, 0.114692
7.02389e-07, 0.114927
7.02019e-07, 0.115157
7.0165e-07, 0.115373
7.0128e-07, 0.115575
7.00912e-07, 0.115766
7.00543e-07, 0.115958
7.00175e-07, 0.11616
6.99807e-07, 0.116377
6.9944e-07, 0.11661
6.99073e-07, 0.116851
6.98707e-07, 0.117091
6.98341e-07, 0.117321
6.97975e-07, 0.117536
6.97609e-07, 0.117739
6.97245e-07, 0.117937
6.9688e-07, 0.118142
6.96516e-07, 0.118359
6.96152e-07, 0.118593
6.95788e-07, 0.118839
6.95425e-07, 0.119087
6.95063e-07, 0.119329
6.947e-07, 0.119558
6.94338e-07, 0.119773
6.93977e-07, 0.11998
6.93616e-07, 0.120189
6.93255e-07, 0.120408
6.92894e-07, 0.120642
6.92534e-07, 0.120891
6.92175e-07, 0.121146
6.91815e-07, 0.121398
6.91456e-07, 0.12164
6.91098e-07, 0.121868
6.90739e-07, 0.122086
6.90382e-07, 0.1223
6.90024e-07, 0.122522
6.89667e-07, 0.122757
6.8931e-07, 0.123007
6.88954e-07, 0.123267
6.88598e-07, 0.123528
6.88242e-07, 0.123782
6.87887e-07, 0.124023
6.87532e-07, 0.124252
6.87178e-07, 0.124475
6.86824e-07, 0.1247
6.8647e-07, 0.124937
6.86116e-07, 0.125188
6.85763e-07, 0.125451
6.85411e-07, 0.12572
6.85058e-07, 0.125985
6.84706e-07, 0.12624
6.84355e-07, 0.126482
6.84003e-07, 0.126716
6.83653e-07, 0.126948
6.83302e-07, 0.127189
6.82952e-07, 0.127443
6.82602e-07, 0.12771
6.82253e-07, 0.127987
6.81903e-07, 0.128265
6.81555e-07, 0.128534
6.81206e-07, 0.128792
6.80858e-07, 0.129039
6.80511e-07, 0.129281
6.80163e-07, 0.129528
6.79816e-07, 0.129787
6.7947e-07, 0.13006
6.79123e-07, 0.130344
6.78778e-07, 0.130632
6.78432e-07, 0.130915
6.78087e-07, 0.131188
6.77742e-07, 0.13145
6.77397e-07, 0.131704
6.77053e-07, 0.131959
6.7671e-07, 0.132222
6.76366e-07, 0.132499
6.76023e-07, 0.132789
6.7568e-07, 0.133086
6.75338e-07, 0.133382
6.74996e-07, 0.133669
6.74654e-07, 0.133945
6.74313e-07, 0.134212
6.73972e-07, 0.134476
6.73631e-07, 0.134745
6.73291e-07, 0.135027
6.72951e-07, 0.135322
6.72611e-07, 0.135626
6.72272e-07, 0.135933
6.71933e-07, 0.136234
6.71594e-07, 0.136525
6.71256e-07, 0.136806
6.70918e-07, 0.137081
6.7058e-07, 0.137358
6.70243e-07, 0.137645
6.69906e-07, 0.137944
6.6957e-07, 0.138256
6.69233e-07, 0.138573
6.68897e-07, 0.138888
6.68562e-07, 0.139194
6.68227e-07, 0.13949
6.67892e-07, 0.139777
6.67557e-07, 0.140064
6.67223e-07, 0.140358
6.66889e-07, 0.140663
6.66556e-07, 0.140982
6.66222e-07, 0.141308
6.65889e-07, 0.141636
6.65557e-07, 0.141958
6.65225e-07, 0.142269
6.64893e-07, 0.142571
6.64561e-07, 0.142869
6.6423e-07, 0.143171
6.63899e-07, 0.143483
6.63568e-07, 0.143809
6.63238e-07, 0.144145
6.62908e-07, 0.144484
6.62579e-07, 0.144821
6.62249e-07, 0.145148
6.61921e-07, 0.145466
6.61592e-07, 0.145777
6.61264e-07, 0.146089
6.60936e-07, 0.146409
6.60608e-07, 0.146742
6.60281e-07, 0.147086
6.59954e-07, 0.147438
6.59627e-07, 0.147789
6.59301e-07, 0.148133
6.58975e-07, 0.148467
6.58649e-07, 0.148793
6.58324e-07, 0.149117
6.57999e-07, 0.149446
6.57674e-07, 0.149786
6.5735e-07, 0.150139
6.57025e-07, 0.150502
6.56702e-07, 0.150867
6.56378e-07, 0.151227
6.56055e-07, 0.151578
6.55732e-07, 0.15192
6.5541e-07, 0.152257
6.55088e-07, 0.152597
6.54766e-07, 0.152946
6.54444e-07, 0.153308
6.54123e-07, 0.15368
6.53802e-07, 0.154059
6.53482e-07, 0.154435
6.53161e-07, 0.154803
6.52841e-07, 0.155162
6.52522e-07, 0.155514
6.52202e-07, 0.155866
6.51883e-07, 0.156224
6.51565e-07, 0.156595
6.51246e-07, 0.156977
6.50928e-07, 0.157368
6.5061e-07, 0.15776
6.50293e-07, 0.158145
6.49976e-07, 0.158522
6.49659e-07, 0.15889
6.49342e-07, 0.159254
6.49026e-07, 0.159624
6.4871e-07, 0.160003
6.48394e-07, 0.160395
6.48079e-07, 0.160798
6.47764e-07, 0.161204
6.47449e-07, 0.161607
6.47135e-07, 0.162002
6.46821e-07, 0.162387
6.46507e-07, 0.162766
6.46194e-07, 0.163147
6.4588e-07, 0.163536
6.45568e-07, 0.163938
6.45255e-07, 0.164352
6.44943e-07, 0.164773
6.44631e-07, 0.165192
6.44319e-07, 0.165605
6.44008e-07, 0.166008
6.43697e-07, 0.166403
6.43386e-07, 0.166797
6.43075e-07, 0.167197
6.42765e-07, 0.167609
6.42455e-07, 0.168033
6.42146e-07, 0.168467
6.41837e-07, 0.168902
6.41528e-07, 0.169333
6.41219e-07, 0.169754
6.40911e-07, 0.170166
6.40602e-07, 0.170574
6.40295e-07, 0.170986
6.39987e-07, 0.171407
6.3968e-07, 0.171842
6.39373e-07, 0.172288
6.39066e-07, 0.17274
6.3876e-07, 0.173189
6.38454e-07, 0.17363
6.38148e-07, 0.17406
6.37843e-07, 0.174484
6.37538e-07, 0.174909
6.37233e-07, 0.175341
6.36928e-07, 0.175786
6.36624e-07, 0.176244
6.3632e-07, 0.176711
6.36017e-07, 0.177178
6.35713e-07, 0.177638
6.3541e-07, 0.178089
6.35107e-07, 0.17853
6.34805e-07, 0.178969
6.34502e-07, 0.179413
6.34201e-07, 0.179869
6.33899e-07, 0.180339
6.33597e-07, 0.180819
6.33296e-07, 0.181304
6.32996e-07, 0.181785
6.32695e-07, 0.182255
6.32395e-07, 0.182716
6.32095e-07, 0.183171
6.31795e-07, 0.183628
6.31496e-07, 0.184095
6.31197e-07, 0.184576
6.30898e-07, 0.18507
6.30599e-07, 0.185572
6.30301e-07, 0.186072
6.30003e-07, 0.186565
6.29705e-07, 0.187046
6.29408e-07, 0.187518
6.29111e-07, 0.18799
6.28814e-07, 0.188469
6.28518e-07, 0.188962
6.28221e-07, 0.189469
6.27925e-07, 0.189987
6.2763e-07, 0.190507
6.27334e-07, 0.191022
6.27039e-07, 0.191525
6.26744e-07, 0.192018
6.26449e-07, 0.192506
6.26155e-07, 0.192998
6.25861e-07, 0.193502
6.25567e-07, 0.194022
6.25274e-07, 0.194556
6.2498e-07, 0.195096
6.24688e-07, 0.195633
6.24395e-07, 0.196159
6.24102e-07, 0.196674
6.2381e-07, 0.197181
6.23518e-07, 0.197688
6.23227e-07, 0.198205
6.22935e-07, 0.198737
6.22644e-07, 0.199286
6.22354e-07, 0.199844
6.22063e-07, 0.200403
6.21773e-07, 0.200955
6.21483e-07, 0.201494
6.21193e-07, 0.202022
6.20904e-07, 0.202546
6.20615e-07, 0.203077
6.20326e-07, 0.203622
6.20037e-07, 0.204184
6.19749e-07, 0.204761
6.19461e-07, 0.205342
6.19173e-07, 0.205919
6.18885e-07, 0.206483
6.18598e-07, 0.207035
6.18311e-07, 0.207579
6.18024e-07, 0.208125
6.17738e-07, 0.208683
6.17452e-07, 0.209259
6.17166e-07, 0.209851
6.1688e-07, 0.210454
6.16595e-07, 0.211056
6.1631e-07, 0.211647
6.16025e-07, 0.212225
6.1574e-07, 0.212791
6.15456e-07, 0.213354
6.15172e-07, 0.213926
6.14888e-07, 0.214515
6.14604e-07, 0.215123
6.14321e-07, 0.215745
6.14038e-07, 0.216372
6.13755e-07, 0.216991
6.13472e-07, 0.217596
6.1319e-07, 0.218186
6.12908e-07, 0.21877
6.12626e-07, 0.219357
6.12345e-07, 0.219959
6.12064e-07, 0.220581
6.11783e-07, 0.221221
6.11502e-07, 0.22187
6.11222e-07, 0.222516
6.10941e-07, 0.22315
6.10661e-07, 0.223768
6.10382e-07, 0.224374
6.10102e-07, 0.224979
6.09823e-07, 0.225594
6.09544e-07, 0.226228
6.09265e-07, 0.226884
6.08987e-07, 0.227553
6.08709e-07, 0.228226
6.08431e-07, 0.228889
6.08153e-07, 0.229536
6.07876e-07, 0.230167
6.07599e-07, 0.230791
6.07322e-07, 0.23142
6.07045e-07, 0.232066
6.06769e-07, 0.232734
6.06493e-07, 0.233422
6.06217e-07, 0.234118
6.05941e-07, 0.23481
6.05666e-07, 0.235487
6.05391e-07, 0.236145
6.05116e-07, 0.23679
6.04841e-07, 0.237434
6.04567e-07, 0.238091
6.04293e-07, 0.23877
6.04019e-07, 0.239472
6.03745e-07, 0.240188
6.03472e-07, 0.240905
6.03199e-07, 0.241611
6.02926e-07, 0.242297
6.02653e-07, 0.242965
6.02381e-07, 0.243626
6.02108e-07, 0.244294
6.01837e-07, 0.244981
6.01565e-07, 0.245693
6.01293e-07, 0.246426
6.01022e-07, 0.247166
6.00751e-07, 0.247899
6.00481e-07, 0.248614
6.0021e-07, 0.249308
5.9994e-07, 0.249986
5.9967e-07, 0.250665
5.994e-07, 0.251359
5.99131e-07, 0.252077
5.98862e-07, 0.25282
5.98593e-07, 0.253577
5.98324e-07, 0.254334
5.98055e-07, 0.255076
5.97787e-07, 0.255794
5.97519e-07, 0.256492
5.97251e-07, 0.257182
5.96984e-07, 0.25788
5.96716e-07, 0.2586
5.96449e-07, 0.259347
5.96183e-07, 0.260116
5.95916e-07, 0.260891
5.9565e-07, 0.261656
5.95383e-07, 0.262398
5.95118e-07, 0.263115
5.94852e-07, 0.263816
5.94587e-07, 0.264516
5.94321e-07, 0.265233
5.94056e-07, 0.265977
5.93792e-07, 0.266749
5.93527e-07, 0.267536
5.93263e-07, 0.26832
5.92999e-07, 0.269084
5.92735e-07, 0.26982
5.92472e-07, 0.270532
5.92209e-07, 0.271234
5.91946e-07, 0.271944
5.91683e-07, 0.272679
5.9142e-07, 0.273443
5.91158e-07, 0.27423
5.90896e-07, 0.275022
5.90634e-07, 0.275802
5.90372e-07, 0.276554
5.90111e-07, 0.277276
5.8985e-07, 0.277977
5.89589e-07, 0.278678
5.89328e-07, 0.279397
5.89067e-07, 0.280145
5.88807e-07, 0.280922
5.88547e-07, 0.281714
5.88287e-07, 0.282501
5.88028e-07, 0.283264
5.87768e-07, 0.283993
5.87509e-07, 0.284693
5.8725e-07, 0.285381
5.86992e-07, 0.286077
5.86733e-07, 0.286799
5.86475e-07, 0.287554
5.86217e-07, 0.288332
5.85959e-07, 0.289115
5.85702e-07, 0.289881
5.85444e-07, 0.290613
5.85187e-07, 0.291308
5.84931e-07, 0.29198
5.84674e-07, 0.292648
5.84417e-07, 0.293335
5.84161e-07, 0.294054
5.83905e-07, 0.294804
5.8365e-07, 0.295569
5.83394e-07, 0.296326
5.83139e-07, 0.297053
5.82884e-07, 0.29774
5.82629e-07, 0.298391
5.82374e-07, 0.299026
5.8212e-07, 0.299668
5.81866e-07, 0.300339
5.81612e-07, 0.301044
5.81358e-07, 0.301774
5.81105e-07, 0.302507
5.80851e-07, 0.303219
5.80598e-07, 0.303889
5.80345e-07, 0.304517
5.80093e-07, 0.305113
5.7984e-07, 0.305703
5.79588e-07, 0.306312
5.79336e-07, 0.306955
5.79085e-07, 0.307631
5.78833e-07, 0.308323
5.78582e-07, 0.309003
5.78331e-07, 0.309647
5.7808e-07, 0.310243
5.77829e-07, 0.310796
5.77579e-07, 0.311327
5.77329e-07, 0.311862
5.77079e-07, 0.312427
5.76829e-07, 0.313028
5.76579e-07, 0.313656
5.7633e-07, 0.314286
5.76081e-07, 0.31489
5.75832e-07, 0.315445
5.75583e-07, 0.315947
5.75335e-07, 0.316411
5.75086e-07, 0.316863
5.74838e-07, 0.317333
5.7459e-07, 0.317839
5.74343e-07, 0.318379
5.74095e-07, 0.318936
5.73848e-07, 0.319479
5.73601e-07, 0.319979
5.73354e-07, 0.320422
5.73108e-07, 0.320811
5.72861e-07, 0.321171
5.72615e-07, 0.321533
5.72369e-07, 0.321922
5.72124e-07, 0.322351
5.71878e-07, 0.322808
5.71633e-07, 0.323267
5.71388e-07, 0.323694
5.71143e-07, 0.324064
5.70898e-07, 0.324371
5.70654e-07, 0.32463
5.70409e-07, 0.324871
5.70165e-07, 0.325127
5.69922e-07, 0.325419
5.69678e-07, 0.325749
5.69435e-07, 0.326096
5.69191e-07, 0.326426
5.68948e-07, 0.326708
5.68706e-07, 0.326921
5.68463e-07, 0.32707
5.68221e-07, 0.327181
5.67978e-07, 0.327287
5.67736e-07, 0.327421
5.67495e-07, 0.327596
5.67253e-07, 0.327801
5.67012e-07, 0.328008
5.66771e-07, 0.328179
5.6653e-07, 0.328285
5.66289e-07, 0.328316
5.66048e-07, 0.328287
5.65808e-07, 0.328233
5.65568e-07, 0.328189
5.65328e-07, 0.328182
5.65088e-07, 0.328216
5.64849e-07, 0.328268
5.6461e-07, 0.328303
5.6437e-07, 0.328283
5.64132e-07, 0.328185
5.63893e-07, 0.328011
5.63654e-07, 0.327787
5.63416e-07, 0.327553
5.63178e-07, 0.327344
5.6294e-07, 0.327179
5.62702e-07, 0.327048
5.62465e-07, 0.32692
5.62228e-07, 0.326753
5.6199e-07, 0.326514
5.61754e-07, 0.326189
5.61517e-07, 0.325792
5.6128e-07, 0.325361
5.61044e-07, 0.324936
5.60808e-07, 0.324549
5.60572e-07, 0.324206
5.60336e-07, 0.323886
5.60101e-07, 0.32355
5.59866e-07, 0.323155
5.5963e-07, 0.322673
5.59396e-07, 0.322103
5.59161e-07, 0.321474
5.58926e-07, 0.320826
5.58692e-07, 0.320203
5.58458e-07, 0.319626
5.58224e-07, 0.319089
5.5799e-07, 0.31856
5.57757e-07, 0.317993
5.57523e-07, 0.317348
5.5729e-07, 0.316608
5.57057e-07, 0.315786
5.56825e-07, 0.31492
5.56592e-07, 0.314056
5.5636e-07, 0.313232
5.56127e-07, 0.312458
5.55895e-07, 0.311715
5.55664e-07, 0.310961
5.55432e-07, 0.310147
5.55201e-07, 0.309241
5.54969e-07, 0.308239
5.54738e-07, 0.307166
5.54508e-07, 0.30607
5.54277e-07, 0.304997
5.54047e-07, 0.303976
5.53816e-07, 0.303004
5.53586e-07, 0.302048
5.53356e-07, 0.30106
5.53127e-07, 0.299994
5.52897e-07, 0.298827
5.52668e-07, 0.29757
5.52439e-07, 0.296261
5.5221e-07, 0.294951
5.51981e-07, 0.293685
5.51753e-07, 0.292478
5.51524e-07, 0.291313
5.51296e-07, 0.290148
5.51068e-07, 0.288928
5.5084e-07, 0.287616
5.50613e-07, 0.286201
5.50385e-07, 0.284709
5.50158e-07, 0.283189
5.49931e-07, 0.281694
5.49704e-07, 0.280258
5.49478e-07, 0.278884
5.49251e-07, 0.27754
5.49025e-07, 0.276175
5.48799e-07, 0.274737
5.48573e-07, 0.273197
5.48347e-07, 0.271561
5.48122e-07, 0.269868
5.47896e-07, 0.268174
5.47671e-07, 0.266529
5.47446e-07, 0.264955
5.47221e-07, 0.263439
5.46997e-07, 0.261937
5.46772e-07, 0.260392
5.46548e-07, 0.258759
5.46324e-07, 0.257022
5.461e-07, 0.255203
5.45877e-07, 0.253354
5.45653e-07, 0.251532
5.4543e-07, 0.249779
5.45207e-07, 0.248104
5.44984e-07, 0.246476
5.44761e-07, 0.244842
5.44538e-07, 0.243146
5.44316e-07, 0.24135
5.44094e-07, 0.239458
5.43872e-07, 0.237505
5.4365e-07, 0.235551
5.43428e-07, 0.233652
5.43207e-07, 0.231837
5.42985e-07, 0.230098
5.42764e-07, 0.228392
5.42543e-07, 0.226657
5.42322e-07, 0.224843
5.42102e-07, 0.222927
5.41881e-07, 0.220927
5.41661e-07, 0.218894
5.41441e-07, 0.216891
5.41221e-07, 0.214966
5.41001e-07, 0.213135
5.40782e-07, 0.211371
5.40562e-07, 0.209619
5.40343e-07, 0.207816
5.40124e-07, 0.205922
5.39905e-07, 0.20393
5.39687e-07, 0.201875
5.39468e-07, 0.199818
5.3925e-07, 0.197821
5.39032e-07, 0.19592
5.38814e-07, 0.194113
5.38596e-07, 0.192357
5.38379e-07, 0.19059
5.38161e-07, 0.188754
5.37944e-07, 0.186818
5.37727e-07, 0.184797
5.3751e-07, 0.18274
5.37293e-07, 0.180712
5.37077e-07, 0.178771
5.3686e-07, 0.176937
5.36644e-07, 0.175188
5.36428e-07, 0.17347
5.36212e-07, 0.171715
5.35997e-07, 0.169875
5.35781e-07, 0.167937
5.35566e-07, 0.165932
5.35351e-07, 0.163921
5.35136e-07, 0.161973
5.34921e-07, 0.16013
5.34706e-07, 0.158396
5.34492e-07, 0.156732
5.34278e-07, 0.155072
5.34064e-07, 0.153352
5.3385e-07, 0.151536
5.33636e-07, 0.149631
5.33422e-07, 0.147684
5.33209e-07, 0.145765
5.32996e-07, 0.143935
5.32783e-07, 0.142223
5.3257e-07, 0.140613
5.32357e-07, 0.13905
5.32144e-07, 0.137464
5.31932e-07, 0.135796
5.3172e-07, 0.134029
5.31508e-07, 0.132189
5.31296e-07, 0.130338
5.31084e-07, 0.128547
5.30872e-07, 0.126867
5.30661e-07, 0.125309
5.3045e-07, 0.123837
5.30239e-07, 0.122383
5.30028e-07, 0.120877
5.29817e-07, 0.119276
5.29607e-07, 0.11758
5.29396e-07, 0.115834
5.29186e-07, 0.114109
5.28976e-07, 0.112475
5.28766e-07, 0.110967
5.28556e-07, 0.109573
5.28347e-07, 0.108242
5.28137e-07, 0.106897
5.27928e-07, 0.105476
5.27719e-07, 0.103952
5.2751e-07, 0.102345
5.27302e-07, 0.100718
5.27093e-07, 0.0991466
5.26885e-07, 0.0976894
5.26676e-07, 0.0963636
5.26468e-07, 0.0951373
5.2626e-07, 0.0939424
5.26053e-07, 0.0927028
5.25845e-07, 0.0913665
5.25638e-07, 0.089927
5.2543e-07, 0.0884269
5.25223e-07, 0.0869397
5.25016e-07, 0.0855401
5.2481e-07, 0.0842723
5.24603e-07, 0.0831318
5.24397e-07, 0.0820663
5.2419e-07, 0.0809979
5.23984e-07, 0.079855
5.23778e-07, 0.0786024
5.23573e-07, 0.0772563
5.23367e-07, 0.0758778
5.23161e-07, 0.074548
5.22956e-07, 0.0733337
5.22751e-07, 0.0722603
5.22546e-07, 0.0712998
5.22341e-07, 0.0703829
5.22137e-07, 0.0694272
5.21932e-07, 0.0683716
5.21728e-07, 0.067202
5.21524e-07, 0.0659577
5.2132e-07, 0.0647152
5.21116e-07, 0.0635568
5.20912e-07, 0.0625361
5.20709e-07, 0.0616553
5.20505e-07, 0.0608639
5.20302e-07, 0.0600793
5.20099e-07, 0.0592208
5.19896e-07, 0.0582437
5.19693e-07, 0.057158
5.19491e-07, 0.0560251
5.19288e-07, 0.0549323
5.19086e-07, 0.0539568
5.18884e-07, 0.0531333
5.18682e-07, 0.0524386
5.1848e-07, 0.0518014
5.18278e-07, 0.0511308
5.18077e-07, 0.0503545
5.17876e-07, 0.0494493
5.17674e-07, 0.0484512
5.17473e-07, 0.0474412
5.17273e-07, 0.0465119
5.17072e-07, 0.0457289
5.16871e-07, 0.045103
5.16671e-07, 0.044585
5.16471e-07, 0.0440851
5.16271e-07, 0.0435105
5.16071e-07, 0.0428037
5.15871e-07, 0.0419674
5.15671e-07, 0.0410643
5.15472e-07, 0.0401916
5.15273e-07, 0.039441
5.15073e-07, 0.0388602
5.14874e-07, 0.0384319
5.14676e-07, 0.0380805
5.14477e-07, 0.0377021
5.14278e-07, 0.037208
5.1408e-07, 0.0365621
5.13882e-07, 0.0357971
5.13684e-07, 0.035002
5.13486e-07, 0.0342864
5.13288e-07, 0.0337344
5.1309e-07, 0.0333694
5.12893e-07, 0.0331425
5.12696e-07, 0.0329517
5.12498e-07, 0.0326834
5.12301e-07, 0.03226
5.12105e-07, 0.0316734
5.11908e-07, 0.0309902
5.11711e-07, 0.0303261
5.11515e-07, 0.0297984
5.11319e-07, 0.0294773
5.11122e-07, 0.0293548
5.10927e-07, 0.0293459
5.10731e-07, 0.0293222
5.10535e-07, 0.0291645
5.1034e-07, 0.0288135
5.10144e-07, 0.0282974
5.09949e-07, 0.0277229
5.09754e-07, 0.0272339
5.09559e-07, 0.0269526
5.09364e-07, 0.0269274
5.0917e-07, 0.0271101
5.08975e-07, 0.0273718
5.08781e-07, 0.0275548
5.08587e-07, 0.0275376
5.08393e-07, 0.027289
5.08199e-07, 0.0268864
5.08005e-07, 0.0264894
5.07812e-07, 0.0262783
5.07618e-07, 0.0263798
5.07425e-07, 0.0268111
5.07232e-07, 0.0274675
5.07039e-07, 0.0281596
5.06846e-07, 0.0286891
5.06653e-07, 0.0289343
5.06461e-07, 0.0289089
5.06268e-07, 0.0287698
5.06076e-07, 0.0287649
5.05884e-07, 0.0291393
5.05692e-07, 0.0300348
5.055e-07, 0.0314238
5.05308e-07, 0.0331094
5.05117e-07, 0.0347966
5.04925e-07, 0.0362137
5.04734e-07, 0.0372395
5.04543e-07, 0.0379833
5.04352e-07, 0.038782
5.04161e-07, 0.0401037
5.03971e-07, 0.0423863
5.0378e-07, 0.0458685
5.0359e-07, 0.050482
5.034e-07, 0.0558596
5.0321e-07, 0.0614775
5.0302e-07, 0.0669013
5.0283e-07, 0.0720627
5.0264e-07, 0.0774672
5.02451e-07, 0.0842421
5.02261e-07, 0.0939732
5.02072e-07, 0.108337
5.01883e-07, 0.128604
5.01694e-07, 0.155141
5.01505e-07, 0.187052
5.01317e-07, 0.222077
5.01128e-07, 0.256813
5.0094e-07, 0.287231
5.00752e-07, 0.309396
5.00563e-07, 0.320211
5.00375e-07, 0.31804
5.00188e-07, 0.303036
5e-07, 0.277105


