

lambda(m), Y
2e-06, -0.0400395
1.997e-06, -0.0402007
1.99401e-06, -0.0403649
1.99104e-06, -0.0405342
1.98807e-06, -0.0407093
1.9851e-06, -0.0408894
1.98215e-06, -0.0410724
1.97921e-06, -0.0412555
1.97627e-06, -0.0414362
1.97335e-06, -0.0416128
1.97043e-06, -0.0417854
1.96752e-06, -0.0419552
1.96462e-06, -0.0421247
1.96173e-06, -0.0422968
1.95884e-06, -0.0424738
1.95597e-06, -0.0426567
1.9531e-06, -0.042845
1.95024e-06, -0.0430368
1.94739e-06, -0.0432294
1.94455e-06, -0.0434201
1.94172e-06, -0.0436071
1.93889e-06, -0.0437897
1.93608e-06, -0.0439693
1.93327e-06, -0.044148
1.93047e-06, -0.0443288
1.92768e-06, -0.0445141
1.92489e-06, -0.0447054
1.92212e-06, -0.0449025
1.91935e-06, -0.0451036
1.91659e-06, -0.0453063
1.91383e-06, -0.0455076
1.91109e-06, -0.0457055
1.90835e-06, -0.045899
1.90562e-06, -0.0460891
1.9029e-06, -0.0462778
1.90019e-06, -0.046468
1.89748e-06, -0.0466624
1.89479e-06, -0.0468627
1.8921e-06, -0.0470691
1.88941e-06, -0.0472802
1.88674e-06, -0.0474934
1.88407e-06, -0.047706
1.88141e-06, -0.0479154
1.87876e-06, -0.0481206
1.87611e-06, -0.048322
1.87348e-06, -0.0485215
1.87085e-06, -0.048722
1.86822e-06, -0.0489262
1.86561e-06, -0.0491362
1.863e-06, -0.0493524
1.8604e-06, -0.049574
1.85781e-06, -0.0497984
1.85522e-06, -0.0500228
1.85264e-06, -0.0502445
1.85007e-06, -0.0504621
1.8475e-06, -0.0506756
1.84495e-06, -0.0508868
1.8424e-06, -0.0510983
1.83985e-06, -0.051313
1.83732e-06, -0.0515334
1.83479e-06, -0.0517602
1.83226e-06, -0.0519928
1.82975e-06, -0.0522289
1.82724e-06, -0.0524658
1.82474e-06, -0.0527006
1.82224e-06, -0.0529314
1.81975e-06, -0.053158
1.81727e-06, -0.0533817
1.8148e-06, -0.0536051
1.81233e-06, -0.0538312
1.80987e-06, -0.0540626
1.80741e-06, -0.0543005
1.80497e-06, -0.0545446
1.80252e-06, -0.0547929
1.80009e-06, -0.0550427
1.79766e-06, -0.0552909
1.79524e-06, -0.0555355
1.79283e-06, -0.0557758
1.79042e-06, -0.0560129
1.78801e-06, -0.0562491
1.78562e-06, -0.0564875
1.78323e-06, -0.0567308
1.78085e-06, -0.0569807
1.77847e-06, -0.0572371
1.7761e-06, -0.0574985
1.77374e-06, -0.0577619
1.77138e-06, -0.0580245
1.76903e-06, -0.0582838
1.76668e-06, -0.0585388
1.76434e-06, -0.0587902
1.76201e-06, -0.0590401
1.75968e-06, -0.0592916
1.75736e-06, -0.0595476
1.75505e-06, -0.0598101
1.75274e-06, -0.0600795
1.75044e-06, -0.0603544
1.74814e-06, -0.0606323
1.74585e-06, -0.0609099
1.74357e-06, -0.0611847
1.74129e-06, -0.0614553
1.73902e-06, -0.0617219
1.73675e-06, -0.0619865
1.73449e-06, -0.0622521
1.73224e-06, -0.0625218
1.72999e-06, -0.0627978
1.72774e-06, -0.0630809
1.72551e-06, -0.0633701
1.72328e-06, -0.063663
1.72105e-06, -0.0639565
1.71883e-06, -0.0642476
1.71662e-06, -0.0645347
1.71441e-06, -0.0648176
1.71221e-06, -0.065098
1.71001e-06, -0.0653788
1.70782e-06, -0.065663
1.70563e-06, -0.0659534
1.70345e-06, -0.066251
1.70128e-06, -0.0665553
1.69911e-06, -0.0668641
1.69694e-06, -0.0671743
1.69479e-06, -0.0674827
1.69263e-06, -0.0677873
1.69049e-06, -0.0680877
1.68834e-06, -0.068385
1.68621e-06, -0.068682
1.68408e-06, -0.068982
1.68195e-06, -0.0692878
1.67983e-06, -0.069601
1.67772e-06, -0.0699213
1.67561e-06, -0.0702468
1.6735e-06, -0.0705746
1.6714e-06, -0.0709013
1.66931e-06, -0.0712246
1.66722e-06, -0.0715436
1.66514e-06, -0.0718591
1.66306e-06, -0.0721737
1.66099e-06, -0.0724907
1.65892e-06, -0.0728131
1.65686e-06, -0.0731428
1.6548e-06, -0.0734802
1.65275e-06, -0.0738235
1.6507e-06, -0.0741699
1.64866e-06, -0.0745161
1.64662e-06, -0.0748594
1.64459e-06, -0.0751983
1.64256e-06, -0.0755334
1.64054e-06, -0.0758671
1.63852e-06, -0.0762024
1.63651e-06, -0.0765428
1.63451e-06, -0.0768904
1.6325e-06, -0.077246
1.63051e-06, -0.0776084
1.62851e-06, -0.0779747
1.62653e-06, -0.0783416
1.62454e-06, -0.0787061
1.62256e-06, -0.0790665
1.62059e-06, -0.0794229
1.61862e-06, -0.0797772
1.61666e-06, -0.0801326
1.6147e-06, -0.0804924
1.61275e-06, -0.0808595
1.6108e-06, -0.0812347
1.60885e-06, -0.0816174
1.60691e-06, -0.082005
1.60498e-06, -0.0823941
1.60305e-06, -0.0827815
1.60112e-06, -0.0831651
1.5992e-06, -0.0835445
1.59728e-06, -0.0839213
1.59537e-06, -0.0842985
1.59346e-06, -0.0846797
1.59156e-06, -0.0850679
1.58966e-06, -0.0854645
1.58777e-06, -0.0858691
1.58588e-06, -0.0862796
1.58399e-06, -0.0866926
1.58211e-06, -0.0871047
1.58024e-06, -0.0875134
1.57837e-06, -0.0879178
1.5765e-06, -0.0883192
1.57464e-06, -0.0887205
1.57278e-06, -0.0891251
1.57092e-06, -0.0895363
1.56907e-06, -0.0899562
1.56723e-06, -0.0903847
1.56539e-06, -0.09082
1.56355e-06, -0.0912589
1.56172e-06, -0.0916977
1.55989e-06, -0.0921336
1.55807e-06, -0.0925654
1.55625e-06, -0.0929939
1.55443e-06, -0.0934215
1.55262e-06, -0.0938519
1.55081e-06, -0.0942886
1.54901e-06, -0.094734
1.54721e-06, -0.0951886
1.54542e-06, -0.0956509
1.54363e-06, -0.0961179
1.54184e-06, -0.0965858
1.54006e-06, -0.0970515
1.53828e-06, -0.0975133
1.53651e-06, -0.0979715
1.53474e-06, -0.0984283
1.53298e-06, -0.0988873
1.53121e-06, -0.0993522
1.52946e-06, -0.0998258
1.5277e-06, -0.100309
1.52595e-06, -0.100801
1.52421e-06, -0.101299
1.52247e-06, -0.101798
1.52073e-06, -0.102297
1.519e-06, -0.102791
1.51727e-06, -0.103282
1.51554e-06, -0.103772
1.51382e-06, -0.104263
1.5121e-06, -0.104759
1.51039e-06, -0.105264
1.50868e-06, -0.105778
1.50697e-06, -0.106303
1.50527e-06, -0.106834
1.50357e-06, -0.107369
1.50188e-06, -0.107903
1.50019e-06, -0.108434
1.4985e-06, -0.108962
1.49682e-06, -0.109487
1.49514e-06, -0.110013
1.49346e-06, -0.110545
1.49179e-06, -0.111084
1.49012e-06, -0.111634
1.48846e-06, -0.112195
1.4868e-06, -0.112763
1.48514e-06, -0.113337
1.48349e-06, -0.113911
1.48184e-06, -0.114482
1.48019e-06, -0.11505
1.47855e-06, -0.115615
1.47691e-06, -0.116181
1.47528e-06, -0.116752
1.47365e-06, -0.11733
1.47202e-06, -0.11792
1.47039e-06, -0.11852
1.46877e-06, -0.11913
1.46716e-06, -0.119746
1.46554e-06, -0.120364
1.46393e-06, -0.12098
1.46233e-06, -0.121593
1.46072e-06, -0.122203
1.45912e-06, -0.122814
1.45753e-06, -0.123428
1.45594e-06, -0.12405
1.45435e-06, -0.124683
1.45276e-06, -0.125328
1.45118e-06, -0.125984
1.4496e-06, -0.126648
1.44803e-06, -0.127314
1.44645e-06, -0.12798
1.44489e-06, -0.128644
1.44332e-06, -0.129304
1.44176e-06, -0.129964
1.4402e-06, -0.130628
1.43865e-06, -0.1313
1.4371e-06, -0.131982
1.43555e-06, -0.132677
1.434e-06, -0.133384
1.43246e-06, -0.1341
1.43092e-06, -0.134821
1.42939e-06, -0.135543
1.42786e-06, -0.136263
1.42633e-06, -0.13698
1.4248e-06, -0.137696
1.42328e-06, -0.138416
1.42176e-06, -0.139143
1.42025e-06, -0.139881
1.41874e-06, -0.140632
1.41723e-06, -0.141396
1.41572e-06, -0.142172
1.41422e-06, -0.142953
1.41272e-06, -0.143737
1.41122e-06, -0.14452
1.40973e-06, -0.145301
1.40824e-06, -0.14608
1.40676e-06, -0.146863
1.40527e-06, -0.147652
1.40379e-06, -0.148453
1.40231e-06, -0.149268
1.40084e-06, -0.150097
1.39937e-06, -0.150938
1.3979e-06, -0.151788
1.39644e-06, -0.152641
1.39498e-06, -0.153495
1.39352e-06, -0.154347
1.39206e-06, -0.155198
1.39061e-06, -0.156052
1.38916e-06, -0.156912
1.38771e-06, -0.157784
1.38627e-06, -0.15867
1.38483e-06, -0.159572
1.38339e-06, -0.160488
1.38196e-06, -0.161414
1.38052e-06, -0.162346
1.3791e-06, -0.163279
1.37767e-06, -0.164212
1.37625e-06, -0.165144
1.37483e-06, -0.166078
1.37341e-06, -0.167019
1.372e-06, -0.167971
1.37059e-06, -0.168938
1.36918e-06, -0.169922
1.36777e-06, -0.170922
1.36637e-06, -0.171935
1.36497e-06, -0.172955
1.36357e-06, -0.173978
1.36218e-06, -0.175002
1.36079e-06, -0.176026
1.3594e-06, -0.177052
1.35802e-06, -0.178084
1.35663e-06, -0.179127
1.35525e-06, -0.180186
1.35388e-06, -0.181264
1.3525e-06, -0.182359
1.35113e-06, -0.183468
1.34976e-06, -0.184588
1.3484e-06, -0.185714
1.34704e-06, -0.186841
1.34567e-06, -0.187968
1.34432e-06, -0.189098
1.34296e-06, -0.190234
1.34161e-06, -0.191382
1.34026e-06, -0.192545
1.33891e-06, -0.193729
1.33757e-06, -0.194931
1.33623e-06, -0.196151
1.33489e-06, -0.197384
1.33356e-06, -0.198625
1.33222e-06, -0.199869
1.33089e-06, -0.201115
1.32956e-06, -0.202363
1.32824e-06, -0.203618
1.32692e-06, -0.204884
1.3256e-06, -0.206168
1.32428e-06, -0.207471
1.32296e-06, -0.208797
1.32165e-06, -0.210142
1.32034e-06, -0.211504
1.31904e-06, -0.212875
1.31773e-06, -0.214253
1.31643e-06, -0.215633
1.31513e-06, -0.217017
1.31384e-06, -0.218407
1.31254e-06, -0.21981
1.31125e-06, -0.221229
1.30996e-06, -0.222671
1.30867e-06, -0.224137
1.30739e-06, -0.225625
1.30611e-06, -0.227133
1.30483e-06, -0.228654
1.30355e-06, -0.230183
1.30228e-06, -0.231717
1.30101e-06, -0.233256
1.29974e-06, -0.234802
1.29847e-06, -0.23636
1.29721e-06, -0.237937
1.29595e-06, -0.239537
1.29469e-06, -0.241163
1.29343e-06, -0.242815
1.29218e-06, -0.244489
1.29093e-06, -0.24618
1.28968e-06, -0.247883
1.28843e-06, -0.249594
1.28719e-06, -0.25131
1.28594e-06, -0.253035
1.2847e-06, -0.254773
1.28347e-06, -0.256529
1.28223e-06, -0.258311
1.281e-06, -0.260121
1.27977e-06, -0.261961
1.27854e-06, -0.263826
1.27732e-06, -0.265713
1.27609e-06, -0.267615
1.27487e-06, -0.269528
1.27365e-06, -0.271449
1.27244e-06, -0.273379
1.27122e-06, -0.275323
1.27001e-06, -0.277288
1.2688e-06, -0.279279
1.2676e-06, -0.281301
1.26639e-06, -0.283356
1.26519e-06, -0.285441
1.26399e-06, -0.287552
1.26279e-06, -0.289683
1.2616e-06, -0.291828
1.2604e-06, -0.293984
1.25921e-06, -0.296152
1.25802e-06, -0.298334
1.25684e-06, -0.300539
1.25565e-06, -0.302771
1.25447e-06, -0.305038
1.25329e-06, -0.307341
1.25211e-06, -0.309679
1.25094e-06, -0.312049
1.24977e-06, -0.314443
1.24859e-06, -0.316855
1.24743e-06, -0.319282
1.24626e-06, -0.321723
1.24509e-06, -0.324181
1.24393e-06, -0.326662
1.24277e-06, -0.329174
1.24161e-06, -0.331723
1.24046e-06, -0.334312
1.23931e-06, -0.336942
1.23815e-06, -0.339608
1.237e-06, -0.342305
1.23586e-06, -0.345025
1.23471e-06, -0.347764
1.23357e-06, -0.35052
1.23243e-06, -0.353296
1.23129e-06, -0.356097
1.23015e-06, -0.358931
1.22902e-06, -0.361805
1.22789e-06, -0.364724
1.22676e-06, -0.367689
1.22563e-06, -0.370697
1.2245e-06, -0.373741
1.22338e-06, -0.376815
1.22226e-06, -0.379913
1.22114e-06, -0.383032
1.22002e-06, -0.386174
1.2189e-06, -0.389343
1.21779e-06, -0.392547
1.21668e-06, -0.395795
1.21557e-06, -0.399092
1.21446e-06, -0.402441
1.21335e-06, -0.405839
1.21225e-06, -0.409281
1.21115e-06, -0.41276
1.21005e-06, -0.416268
1.20895e-06, -0.419802
1.20785e-06, -0.423361
1.20676e-06, -0.426951
1.20567e-06, -0.430579
1.20458e-06, -0.434254
1.20349e-06, -0.437982
1.20241e-06, -0.441767
1.20132e-06, -0.445608
1.20024e-06, -0.449501
1.19916e-06, -0.453437
1.19808e-06, -0.457409
1.19701e-06, -0.461412
1.19593e-06, -0.465444
1.19486e-06, -0.469509
1.19379e-06, -0.473614
1.19272e-06, -0.477769
1.19165e-06, -0.48198
1.19059e-06, -0.486254
1.18953e-06, -0.49059
1.18847e-06, -0.494985
1.18741e-06, -0.49943
1.18635e-06, -0.503917
1.18529e-06, -0.50844
1.18424e-06, -0.512996
1.18319e-06, -0.517586
1.18214e-06, -0.522217
1.18109e-06, -0.526899
1.18005e-06, -0.53164
1.179e-06, -0.536447
1.17796e-06, -0.54132
1.17692e-06, -0.546258
1.17588e-06, -0.551253
1.17485e-06, -0.556295
1.17381e-06, -0.561375
1.17278e-06, -0.56649
1.17175e-06, -0.571639
1.17072e-06, -0.576829
1.16969e-06, -0.582066
1.16866e-06, -0.587362
1.16764e-06, -0.592724
1.16662e-06, -0.598154
1.1656e-06, -0.60365
1.16458e-06, -0.609206
1.16356e-06, -0.614811
1.16255e-06, -0.620455
1.16153e-06, -0.626131
1.16052e-06, -0.631838
1.15951e-06, -0.637578
1.1585e-06, -0.643359
1.1575e-06, -0.649191
1.15649e-06, -0.655083
1.15549e-06, -0.661038
1.15449e-06, -0.667056
1.15349e-06, -0.67313
1.15249e-06, -0.679247
1.1515e-06, -0.685398
1.1505e-06, -0.691572
1.14951e-06, -0.697764
1.14852e-06, -0.703975
1.14753e-06, -0.710211
1.14654e-06, -0.716481
1.14556e-06, -0.722794
1.14457e-06, -0.729154
1.14359e-06, -0.735562
1.14261e-06, -0.74201
1.14163e-06, -0.748488
1.14066e-06, -0.75498
1.13968e-06, -0.761476
1.13871e-06, -0.767965
1.13773e-06, -0.774445
1.13676e-06, -0.780919
1.1358e-06, -0.787395
1.13483e-06, -0.793882
1.13386e-06, -0.800383
1.1329e-06, -0.8069
1.13194e-06, -0.813427
1.13098e-06, -0.81995
1.13002e-06, -0.826454
1.12906e-06, -0.832923
1.1281e-06, -0.839344
1.12715e-06, -0.845709
1.1262e-06, -0.852019
1.12525e-06, -0.858278
1.1243e-06, -0.864493
1.12335e-06, -0.870669
1.1224e-06, -0.876808
1.12146e-06, -0.882903
1.12052e-06, -0.888941
1.11957e-06, -0.894906
1.11863e-06, -0.900776
1.1177e-06, -0.906536
1.11676e-06, -0.912174
1.11582e-06, -0.917685
1.11489e-06, -0.923071
1.11396e-06, -0.928337
1.11303e-06, -0.933487
1.1121e-06, -0.938525
1.11117e-06, -0.943446
1.11025e-06, -0.948236
1.10932e-06, -0.952879
1.1084e-06, -0.957354
1.10748e-06, -0.96164
1.10656e-06, -0.965722
1.10564e-06, -0.969591
1.10473e-06, -0.973247
1.10381e-06, -0.976694
1.1029e-06, -0.979938
1.10198e-06, -0.982983
1.10107e-06, -0.985828
1.10017e-06, -0.988464
1.09926e-06, -0.990875
1.09835e-06, -0.993043
1.09745e-06, -0.994945
1.09654e-06, -0.996567
1.09564e-06, -0.997898
1.09474e-06, -0.998936
1.09384e-06, -0.999686
1.09295e-06, -1.00016
1.09205e-06, -1.00036
1.09116e-06, -1.0003
1.09026e-06, -0.999964
1.08937e-06, -0.999356
1.08848e-06, -0.998456
1.0876e-06, -0.997248
1.08671e-06, -0.995717
1.08582e-06, -0.993854
1.08494e-06, -0.991661
1.08406e-06, -0.989143
1.08318e-06, -0.986316
1.0823e-06, -0.983193
1.08142e-06, -0.979787
1.08054e-06, -0.976106
1.07967e-06, -0.972149
1.07879e-06, -0.967908
1.07792e-06, -0.963374
1.07705e-06, -0.958536
1.07618e-06, -0.953389
1.07531e-06, -0.947935
1.07444e-06, -0.942185
1.07358e-06, -0.936157
1.07271e-06, -0.929871
1.07185e-06, -0.923347
1.07099e-06, -0.9166
1.07013e-06, -0.909639
1.06927e-06, -0.902464
1.06841e-06, -0.895071
1.06756e-06, -0.887453
1.0667e-06, -0.879609
1.06585e-06, -0.871541
1.065e-06, -0.86326
1.06415e-06, -0.854785
1.0633e-06, -0.846138
1.06245e-06, -0.837345
1.0616e-06, -0.828424
1.06076e-06, -0.819389
1.05992e-06, -0.810247
1.05907e-06, -0.800996
1.05823e-06, -0.791632
1.05739e-06, -0.782152
1.05655e-06, -0.772556
1.05572e-06, -0.762855
1.05488e-06, -0.753062
1.05405e-06, -0.743199
1.05321e-06, -0.73329
1.05238e-06, -0.723355
1.05155e-06, -0.713409
1.05072e-06, -0.703461
1.04989e-06, -0.69351
1.04907e-06, -0.683551
1.04824e-06, -0.673579
1.04742e-06, -0.663591
1.0466e-06, -0.65359
1.04578e-06, -0.643587
1.04496e-06, -0.633598
1.04414e-06, -0.623643
1.04332e-06, -0.61374
1.0425e-06, -0.603904
1.04169e-06, -0.594143
1.04087e-06, -0.584456
1.04006e-06, -0.574837
1.03925e-06, -0.565278
1.03844e-06, -0.555772
1.03763e-06, -0.546317
1.03683e-06, -0.536916
1.03602e-06, -0.527583
1.03521e-06, -0.51833
1.03441e-06, -0.509175
1.03361e-06, -0.500131
1.03281e-06, -0.491204
1.03201e-06, -0.482393
1.03121e-06, -0.473692
1.03041e-06, -0.46509
1.02962e-06, -0.456578
1.02882e-06, -0.448149
1.02803e-06, -0.439802
1.02724e-06, -0.431545
1.02644e-06, -0.423388
1.02565e-06, -0.415344
1.02487e-06, -0.407426
1.02408e-06, -0.399638
1.02329e-06, -0.391982
1.02251e-06, -0.38445
1.02172e-06, -0.377032
1.02094e-06, -0.369715
1.02016e-06, -0.362491
1.01938e-06, -0.355355
1.0186e-06, -0.348311
1.01782e-06, -0.341366
1.01704e-06, -0.334532
1.01627e-06, -0.32782
1.01549e-06, -0.321235
1.01472e-06, -0.314778
1.01395e-06, -0.308443
1.01318e-06, -0.30222
1.01241e-06, -0.296096
1.01164e-06, -0.290061
1.01087e-06, -0.284108
1.01011e-06, -0.278239
1.00934e-06, -0.272458
1.00858e-06, -0.266775
1.00781e-06, -0.2612
1.00705e-06, -0.25574
1.00629e-06, -0.250396
1.00553e-06, -0.245164
1.00478e-06, -0.240034
1.00402e-06, -0.234994
1.00326e-06, -0.230033
1.00251e-06, -0.225143
1.00175e-06, -0.220323
1.001e-06, -0.215577
1.00025e-06, -0.210913
9.995e-07, -0.20634
9.98751e-07, -0.201867
9.98003e-07, -0.197495
9.97256e-07, -0.193221
9.9651e-07, -0.189038
9.95766e-07, -0.184932
9.95022e-07, -0.180894
9.9428e-07, -0.176914
9.93539e-07, -0.17299
9.92799e-07, -0.169125
9.9206e-07, -0.165327
9.91322e-07, -0.161603
9.90585e-07, -0.157963
9.89849e-07, -0.15441
9.89114e-07, -0.150942
9.88381e-07, -0.147551
9.87648e-07, -0.144227
9.86917e-07, -0.140959
9.86186e-07, -0.137738
9.85457e-07, -0.13456
9.84729e-07, -0.131427
9.84002e-07, -0.128346
9.83276e-07, -0.125326
9.82551e-07, -0.122375
9.81827e-07, -0.119498
9.81104e-07, -0.116694
9.80383e-07, -0.113956
9.79662e-07, -0.111276
9.78942e-07, -0.108641
9.78224e-07, -0.106043
9.77506e-07, -0.103477
9.7679e-07, -0.100944
9.76074e-07, -0.0984504
9.7536e-07, -0.096005
9.74647e-07, -0.0936167
9.73934e-07, -0.0912909
9.73223e-07, -0.0890282
9.72513e-07, -0.0868236
9.71804e-07, -0.084668
9.71095e-07, -0.0825506
9.70388e-07, -0.0804621
9.69682e-07, -0.0783975
9.68977e-07, -0.0763571
9.68273e-07, -0.0743464
9.6757e-07, -0.0723739
9.66868e-07, -0.0704482
9.66167e-07, -0.0685753
9.65467e-07, -0.0667562
9.64768e-07, -0.0649863
9.6407e-07, -0.0632569
9.63373e-07, -0.0615576
9.62678e-07, -0.0598793
9.61983e-07, -0.0582171
9.61289e-07, -0.0565714
9.60596e-07, -0.0549482
9.59904e-07, -0.0533563
9.59213e-07, -0.0518051
9.58523e-07, -0.050301
9.57834e-07, -0.0488454
9.57146e-07, -0.0474337
9.56459e-07, -0.0460569
9.55773e-07, -0.044704
9.55088e-07, -0.0433653
9.54404e-07, -0.0420355
9.53721e-07, -0.0407152
9.53039e-07, -0.0394106
9.52358e-07, -0.0381315
9.51678e-07, -0.0368883
9.50999e-07, -0.0356883
9.50321e-07, -0.0345332
9.49644e-07, -0.0334185
9.48967e-07, -0.0323346
9.48292e-07, -0.0312696
9.47618e-07, -0.0302131
9.46945e-07, -0.0291592
9.46272e-07, -0.0281088
9.45601e-07, -0.0270689
9.4493e-07, -0.0260508
9.44261e-07, -0.0250662
9.43592e-07, -0.0241234
9.42925e-07, -0.0232246
9.42258e-07, -0.0223648
9.41592e-07, -0.0215331
9.40927e-07, -0.020716
9.40263e-07, -0.0199018
9.396e-07, -0.0190842
9.38938e-07, -0.0182645
9.38277e-07, -0.0174514
9.37617e-07, -0.0166585
9.36958e-07, -0.0158996
9.363e-07, -0.0151846
9.35642e-07, -0.0145157
9.34986e-07, -0.0138862
9.3433e-07, -0.0132828
9.33676e-07, -0.0126888
9.33022e-07, -0.01209
9.32369e-07, -0.0114793
9.31718e-07, -0.0108589
9.31067e-07, -0.0102404
9.30417e-07, -0.00964088
9.29767e-07, -0.00907755
9.29119e-07, -0.00856159
9.28472e-07, -0.00809381
9.27825e-07, -0.00766335
9.2718e-07, -0.00725022
9.26535e-07, -0.006831
9.25892e-07, -0.00638605
9.25249e-07, -0.00590599
9.24607e-07, -0.00539506
9.23966e-07, -0.00487013
9.23326e-07, -0.00435522
9.22686e-07, -0.00387301
9.22048e-07, -0.00343613
9.2141e-07, -0.00304105
9.20774e-07, -0.0026674
9.20138e-07, -0.0022836
9.19503e-07, -0.00185793
9.18869e-07, -0.00137225
9.18236e-07, -0.00083409
9.17604e-07, -0.000282713
9.16972e-07, 0.000213998
9.16342e-07, 0.000572735
9.15712e-07, 0.000715992
9.15084e-07, 0.000596443
9.14456e-07, 0.00021787
9.13829e-07, -0.00035413
9.13202e-07, -0.000996647
9.12577e-07, -0.00155078
9.11953e-07, -0.00185714
9.11329e-07, -0.00179875
9.10706e-07, -0.00134169
9.10084e-07, -0.000563252
9.09463e-07, 0.00034103
9.08843e-07, 0.00107574
9.08224e-07, 0.00128823
9.07605e-07, 0.000628567
9.06987e-07, -0.00118466
9.0637e-07, -0.00430623
9.05754e-07, -0.00872674
9.05139e-07, -0.0142643
9.04525e-07, -0.0205884
9.03911e-07, -0.027272
9.03299e-07, -0.0338612
9.02687e-07, -0.0399495
9.02076e-07, -0.04524
9.01466e-07, -0.0495858
9.00856e-07, -0.0529982
9.00248e-07, -0.0556258
8.9964e-07, -0.057708
8.99033e-07, -0.059516
8.98427e-07, -0.0612936
8.97822e-07, -0.0632114
8.97217e-07, -0.0653429
8.96614e-07, -0.067665
8.96011e-07, -0.0700812
8.95409e-07, -0.0724595
8.94808e-07, -0.0746734
8.94207e-07, -0.0766365
8.93608e-07, -0.0783234
8.93009e-07, -0.0797708
8.92411e-07, -0.0810628
8.91814e-07, -0.0823046
8.91217e-07, -0.0835923
8.90622e-07, -0.0849885
8.90027e-07, -0.0865081
8.89433e-07, -0.088119
8.88839e-07, -0.0897554
8.88247e-07, -0.0913388
8.87655e-07, -0.0928022
8.87065e-07, -0.094108
8.86475e-07, -0.0952575
8.85885e-07, -0.0962885
8.85297e-07, -0.0972622
8.84709e-07, -0.0982456
8.84122e-07, -0.0992918
8.83536e-07, -0.100426
8.82951e-07, -0.101641
8.82366e-07, -0.102901
8.81782e-07, -0.104152
8.81199e-07, -0.10534
8.80617e-07, -0.106428
8.80035e-07, -0.107402
8.79454e-07, -0.108279
8.78874e-07, -0.109095
8.78295e-07, -0.1099
8.77717e-07, -0.110739
8.77139e-07, -0.111641
8.76562e-07, -0.112613
8.75986e-07, -0.113634
8.75411e-07, -0.11467
8.74836e-07, -0.115676
8.74262e-07, -0.116617
8.73689e-07, -0.117473
8.73116e-07, -0.118246
8.72545e-07, -0.11896
8.71974e-07, -0.119649
8.71404e-07, -0.120353
8.70834e-07, -0.1211
8.70266e-07, -0.121904
8.69698e-07, -0.122758
8.6913e-07, -0.123638
8.68564e-07, -0.124511
8.67998e-07, -0.125343
8.67433e-07, -0.126112
8.66869e-07, -0.126812
8.66306e-07, -0.127455
8.65743e-07, -0.128066
8.65181e-07, -0.128676
8.64619e-07, -0.129315
8.64059e-07, -0.129998
8.63499e-07, -0.130728
8.6294e-07, -0.13149
8.62381e-07, -0.132259
8.61824e-07, -0.133005
8.61267e-07, -0.133707
8.6071e-07, -0.134352
8.60155e-07, -0.134945
8.596e-07, -0.135502
8.59046e-07, -0.136047
8.58493e-07, -0.136608
8.5794e-07, -0.137203
8.57388e-07, -0.137838
8.56837e-07, -0.138507
8.56286e-07, -0.139192
8.55736e-07, -0.139869
8.55187e-07, -0.140515
8.54639e-07, -0.141117
8.54091e-07, -0.141672
8.53544e-07, -0.14219
8.52998e-07, -0.14269
8.52452e-07, -0.143193
8.51907e-07, -0.14372
8.51363e-07, -0.144281
8.50819e-07, -0.144875
8.50276e-07, -0.14549
8.49734e-07, -0.146108
8.49193e-07, -0.146707
8.48652e-07, -0.147273
8.48112e-07, -0.147798
8.47573e-07, -0.148287
8.47034e-07, -0.148754
8.46496e-07, -0.149215
8.45959e-07, -0.149691
8.45422e-07, -0.150193
8.44886e-07, -0.150726
8.44351e-07, -0.151282
8.43816e-07, -0.151847
8.43282e-07, -0.152405
8.42749e-07, -0.152939
8.42216e-07, -0.153439
8.41684e-07, -0.153905
8.41153e-07, -0.154347
8.40622e-07, -0.154777
8.40092e-07, -0.155213
8.39563e-07, -0.155668
8.39035e-07, -0.156149
8.38507e-07, -0.156654
8.37979e-07, -0.157173
8.37453e-07, -0.157691
8.36927e-07, -0.158195
8.36402e-07, -0.158673
8.35877e-07, -0.15912
8.35353e-07, -0.159542
8.3483e-07, -0.159948
8.34307e-07, -0.160353
8.33785e-07, -0.16077
8.33264e-07, -0.161208
8.32743e-07, -0.161669
8.32223e-07, -0.162146
8.31704e-07, -0.162629
8.31185e-07, -0.163104
8.30667e-07, -0.16356
8.3015e-07, -0.163991
8.29633e-07, -0.164397
8.29117e-07, -0.164785
8.28601e-07, -0.165167
8.28086e-07, -0.165554
8.27572e-07, -0.165956
8.27058e-07, -0.166378
8.26545e-07, -0.166818
8.26033e-07, -0.167268
8.25521e-07, -0.167716
8.2501e-07, -0.168152
8.245e-07, -0.168567
8.2399e-07, -0.16896
8.23481e-07, -0.169334
8.22972e-07, -0.169698
8.22465e-07, -0.170061
8.21957e-07, -0.170435
8.21451e-07, -0.170825
8.20945e-07, -0.171232
8.20439e-07, -0.171651
8.19934e-07, -0.172073
8.1943e-07, -0.172489
8.18927e-07, -0.17289
8.18424e-07, -0.173272
8.17921e-07, -0.173635
8.1742e-07, -0.173985
8.16919e-07, -0.174331
8.16418e-07, -0.174682
8.15918e-07, -0.175045
8.15419e-07, -0.175422
8.14921e-07, -0.175813
8.14422e-07, -0.176211
8.13925e-07, -0.176608
8.13428e-07, -0.176994
8.12932e-07, -0.177366
8.12436e-07, -0.17772
8.11942e-07, -0.178061
8.11447e-07, -0.178393
8.10953e-07, -0.178726
8.1046e-07, -0.179066
8.09968e-07, -0.179419
8.09476e-07, -0.179785
8.08984e-07, -0.180159
8.08493e-07, -0.180537
8.08003e-07, -0.180909
8.07514e-07, -0.181271
8.07025e-07, -0.181617
8.06536e-07, -0.18195
8.06048e-07, -0.182272
8.05561e-07, -0.182591
8.05075e-07, -0.182914
8.04588e-07, -0.183246
8.04103e-07, -0.183588
8.03618e-07, -0.183941
8.03134e-07, -0.1843
8.0265e-07, -0.184658
8.02167e-07, -0.185009
8.01684e-07, -0.185348
8.01202e-07, -0.185674
8.00721e-07, -0.185989
8.0024e-07, -0.186298
7.9976e-07, -0.186606
7.9928e-07, -0.18692
7.98801e-07, -0.187243
7.98323e-07, -0.187575
7.97845e-07, -0.187916
7.97367e-07, -0.188259
7.96891e-07, -0.188598
7.96414e-07, -0.18893
7.95939e-07, -0.189251
7.95464e-07, -0.18956
7.94989e-07, -0.189861
7.94515e-07, -0.190159
7.94042e-07, -0.190458
7.93569e-07, -0.190763
7.93097e-07, -0.191077
7.92625e-07, -0.1914
7.92154e-07, -0.191728
7.91683e-07, -0.192056
7.91213e-07, -0.192379
7.90744e-07, -0.192695
7.90275e-07, -0.193
7.89806e-07, -0.193295
7.89339e-07, -0.193584
7.88871e-07, -0.193872
7.88405e-07, -0.194163
7.87939e-07, -0.194461
7.87473e-07, -0.194767
7.87008e-07, -0.195079
7.86543e-07, -0.195395
7.86079e-07, -0.19571
7.85616e-07, -0.19602
7.85153e-07, -0.196321
7.84691e-07, -0.196613
7.84229e-07, -0.196896
7.83768e-07, -0.197176
7.83307e-07, -0.197455
7.82847e-07, -0.197738
7.82387e-07, -0.198029
7.81928e-07, -0.198327
7.8147e-07, -0.19863
7.81012e-07, -0.198936
7.80554e-07, -0.19924
7.80098e-07, -0.199537
7.79641e-07, -0.199826
7.79185e-07, -0.200106
7.7873e-07, -0.200379
7.78275e-07, -0.20065
7.77821e-07, -0.200921
7.77367e-07, -0.201198
7.76914e-07, -0.201482
7.76461e-07, -0.201773
7.76009e-07, -0.202069
7.75558e-07, -0.202366
7.75107e-07, -0.202659
7.74656e-07, -0.202946
7.74206e-07, -0.203224
7.73757e-07, -0.203493
7.73308e-07, -0.203757
7.72859e-07, -0.204019
7.72411e-07, -0.204284
7.71964e-07, -0.204555
7.71517e-07, -0.204834
7.7107e-07, -0.205119
7.70625e-07, -0.205408
7.70179e-07, -0.205697
7.69734e-07, -0.205981
7.6929e-07, -0.206258
7.68846e-07, -0.206525
7.68403e-07, -0.206784
7.6796e-07, -0.207039
7.67518e-07, -0.207294
7.67076e-07, -0.207553
7.66635e-07, -0.207819
7.66194e-07, -0.208094
7.65754e-07, -0.208374
7.65314e-07, -0.208658
7.64875e-07, -0.208939
7.64436e-07, -0.209214
7.63998e-07, -0.20948
7.6356e-07, -0.209737
7.63123e-07, -0.209986
7.62686e-07, -0.210233
7.6225e-07, -0.210481
7.61814e-07, -0.210735
7.61379e-07, -0.210998
7.60944e-07, -0.211269
7.6051e-07, -0.211545
7.60076e-07, -0.211823
7.59643e-07, -0.212096
7.5921e-07, -0.212361
7.58778e-07, -0.212616
7.58346e-07, -0.212862
7.57915e-07, -0.213102
7.57484e-07, -0.21334
7.57054e-07, -0.213583
7.56624e-07, -0.213833
7.56194e-07, -0.214093
7.55766e-07, -0.214361
7.55337e-07, -0.214633
7.54909e-07, -0.214903
7.54482e-07, -0.215167
7.54055e-07, -0.215421
7.53629e-07, -0.215664
7.53203e-07, -0.215899
7.52777e-07, -0.216129
7.52352e-07, -0.21636
7.51928e-07, -0.216598
7.51504e-07, -0.216846
7.5108e-07, -0.217104
7.50657e-07, -0.217368
7.50235e-07, -0.217634
7.49812e-07, -0.217897
7.49391e-07, -0.218149
7.4897e-07, -0.21839
7.48549e-07, -0.21862
7.48129e-07, -0.218843
7.47709e-07, -0.219064
7.4729e-07, -0.21929
7.46871e-07, -0.219524
7.46453e-07, -0.21977
7.46035e-07, -0.220025
7.45617e-07, -0.220285
7.452e-07, -0.220544
7.44784e-07, -0.220795
7.44368e-07, -0.221035
7.43952e-07, -0.221261
7.43537e-07, -0.221478
7.43123e-07, -0.221689
7.42709e-07, -0.221902
7.42295e-07, -0.222123
7.41882e-07, -0.222356
7.41469e-07, -0.2226
7.41057e-07, -0.222851
7.40645e-07, -0.223105
7.40233e-07, -0.223354
7.39822e-07, -0.223591
7.39412e-07, -0.223815
7.39002e-07, -0.224026
7.38592e-07, -0.224229
7.38183e-07, -0.224431
7.37774e-07, -0.224638
7.37366e-07, -0.224856
7.36959e-07, -0.225086
7.36551e-07, -0.225328
7.36144e-07, -0.225575
7.35738e-07, -0.22582
7.35332e-07, -0.226055
7.34926e-07, -0.226277
7.34521e-07, -0.226483
7.34117e-07, -0.226679
7.33713e-07, -0.226869
7.33309e-07, -0.227062
7.32906e-07, -0.227265
7.32503e-07, -0.227481
7.321e-07, -0.22771
7.31698e-07, -0.227948
7.31297e-07, -0.228187
7.30896e-07, -0.228419
7.30495e-07, -0.228638
7.30095e-07, -0.228841
7.29695e-07, -0.22903
7.29296e-07, -0.22921
7.28897e-07, -0.229389
7.28499e-07, -0.229576
7.28101e-07, -0.229776
7.27703e-07, -0.229991
7.27306e-07, -0.230217
7.26909e-07, -0.230448
7.26513e-07, -0.230676
7.26117e-07, -0.230892
7.25722e-07, -0.231091
7.25327e-07, -0.231274
7.24932e-07, -0.231444
7.24538e-07, -0.23161
7.24144e-07, -0.23178
7.23751e-07, -0.231962
7.23358e-07, -0.23216
7.22966e-07, -0.232372
7.22574e-07, -0.232592
7.22182e-07, -0.232812
7.21791e-07, -0.233024
7.214e-07, -0.233218
7.2101e-07, -0.233395
7.2062e-07, -0.233556
7.20231e-07, -0.233707
7.19842e-07, -0.23386
7.19453e-07, -0.234022
7.19065e-07, -0.234199
7.18677e-07, -0.234392
7.1829e-07, -0.234598
7.17903e-07, -0.234807
7.17516e-07, -0.235009
7.1713e-07, -0.235197
7.16744e-07, -0.235365
7.16359e-07, -0.235514
7.15974e-07, -0.23565
7.1559e-07, -0.235782
7.15206e-07, -0.23592
7.14822e-07, -0.236072
7.14439e-07, -0.236241
7.14056e-07, -0.236425
7.13674e-07, -0.236616
7.13292e-07, -0.236803
7.1291e-07, -0.236978
7.12529e-07, -0.237133
7.12148e-07, -0.237266
7.11768e-07, -0.237381
7.11388e-07, -0.237487
7.11008e-07, -0.237595
7.10629e-07, -0.237713
7.1025e-07, -0.237847
7.09872e-07, -0.237998
7.09494e-07, -0.238159
7.09117e-07, -0.238321
7.0874e-07, -0.238471
7.08363e-07, -0.238602
7.07987e-07, -0.238708
7.07611e-07, -0.238791
7.07235e-07, -0.238859
7.0686e-07, -0.238923
7.06485e-07, -0.238992
7.06111e-07, -0.239075
7.05737e-07, -0.239174
7.05363e-07, -0.239285
7.0499e-07, -0.239399
7.04618e-07, -0.239503
7.04245e-07, -0.239587
7.03873e-07, -0.239643
7.03502e-07, -0.239672
7.0313e-07, -0.239677
7.0276e-07, -0.239669
7.02389e-07, -0.23966
7.02019e-07, -0.239658
7.0165e-07, -0.239669
7.0128e-07, -0.23969
7.00912e-07, -0.239714
7.00543e-07, -0.239728
7.00175e-07, -0.23972
6.99807e-07, -0.239679
6.9944e-07, -0.239601
6.99073e-07, -0.23949
6.98707e-07, -0.239353
6.98341e-07, -0.239202
6.97975e-07, -0.239047
6.97609e-07, -0.238894
6.97245e-07, -0.238744
6.9688e-07, -0.23859
6.96516e-07, -0.238419
6.96152e-07, -0.238218
6.95788e-07, -0.237972
6.95425e-07, -0.237675
6.95063e-07, -0.237324
6.947e-07, -0.236925
6.94338e-07, -0.236487
6.93977e-07, -0.23602
6.93616e-07, -0.235531
6.93255e-07, -0.235021
6.92894e-07, -0.234483
6.92534e-07, -0.233904
6.92175e-07, -0.233267
6.91815e-07, -0.232554
6.91456e-07, -0.231752
6.91098e-07, -0.230853
6.90739e-07, -0.229854
6.90382e-07, -0.22876
6.90024e-07, -0.227576
6.89667e-07, -0.226306
6.8931e-07, -0.224946
6.88954e-07, -0.223486
6.88598e-07, -0.221907
6.88242e-07, -0.220185
6.87887e-07, -0.218293
6.87532e-07, -0.216205
6.87178e-07, -0.213899
6.86824e-07, -0.211359
6.8647e-07, -0.208574
6.86116e-07, -0.205533
6.85763e-07, -0.202226
6.85411e-07, -0.198634
6.85058e-07, -0.194734
6.84706e-07, -0.19049
6.84355e-07, -0.185862
6.84003e-07, -0.180808
6.83653e-07, -0.175285
6.83302e-07, -0.169258
6.82952e-07, -0.162699
6.82602e-07, -0.155593
6.82253e-07, -0.147935
6.81903e-07, -0.139733
6.81555e-07, -0.131004
6.81206e-07, -0.121784
6.80858e-07, -0.112125
6.80511e-07, -0.102107
6.80163e-07, -0.0918439
6.79816e-07, -0.0814877
6.7947e-07, -0.0712339
6.79123e-07, -0.0613171
6.78778e-07, -0.0520022
6.78432e-07, -0.0435679
6.78087e-07, -0.0362867
6.77742e-07, -0.0304018
6.77397e-07, -0.0261055
6.77053e-07, -0.0235219
6.7671e-07, -0.0226973
6.76366e-07, -0.0235981
6.76023e-07, -0.0261181
6.7568e-07, -0.0300921
6.75338e-07, -0.0353136
6.74996e-07, -0.0415546
6.74654e-07, -0.0485833
6.74313e-07, -0.0561781
6.73972e-07, -0.064138
6.73631e-07, -0.0722876
6.73291e-07, -0.0804788
6.72951e-07, -0.0885901
6.72611e-07, -0.0965248
6.72272e-07, -0.104209
6.71933e-07, -0.111591
6.71594e-07, -0.118635
6.71256e-07, -0.125326
6.70918e-07, -0.131662
6.7058e-07, -0.137651
6.70243e-07, -0.14331
6.69906e-07, -0.148654
6.6957e-07, -0.153702
6.69233e-07, -0.158464
6.68897e-07, -0.162951
6.68562e-07, -0.167168
6.68227e-07, -0.171121
6.67892e-07, -0.17482
6.67557e-07, -0.178278
6.67223e-07, -0.181517
6.66889e-07, -0.184559
6.66556e-07, -0.18743
6.66222e-07, -0.190154
6.65889e-07, -0.192747
6.65557e-07, -0.19522
6.65225e-07, -0.197575
6.64893e-07, -0.199809
6.64561e-07, -0.201916
6.6423e-07, -0.203895
6.63899e-07, -0.205748
6.63568e-07, -0.207484
6.63238e-07, -0.20912
6.62908e-07, -0.210675
6.62579e-07, -0.21217
6.62249e-07, -0.213619
6.61921e-07, -0.215028
6.61592e-07, -0.216397
6.61264e-07, -0.217717
6.60936e-07, -0.218976
6.60608e-07, -0.220163
6.60281e-07, -0.221273
6.59954e-07, -0.222308
6.59627e-07, -0.223281
6.59301e-07, -0.224207
6.58975e-07, -0.225105
6.58649e-07, -0.225992
6.58324e-07, -0.226875
6.57999e-07, -0.227753
6.57674e-07, -0.228618
6.5735e-07, -0.229454
6.57025e-07, -0.230247
6.56702e-07, -0.230985
6.56378e-07, -0.231666
6.56055e-07, -0.232297
6.55732e-07, -0.232892
6.5541e-07, -0.233471
6.55088e-07, -0.23405
6.54766e-07, -0.234642
6.54444e-07, -0.235249
6.54123e-07, -0.235861
6.53802e-07, -0.236465
6.53482e-07, -0.237043
6.53161e-07, -0.237579
6.52841e-07, -0.238066
6.52522e-07, -0.238507
6.52202e-07, -0.238914
6.51883e-07, -0.239305
6.51565e-07, -0.2397
6.51246e-07, -0.240114
6.50928e-07, -0.240552
6.5061e-07, -0.24101
6.50293e-07, -0.241473
6.49976e-07, -0.241923
6.49659e-07, -0.242341
6.49342e-07, -0.242716
6.49026e-07, -0.243046
6.4871e-07, -0.243338
6.48394e-07, -0.243612
6.48079e-07, -0.243887
6.47764e-07, -0.244182
6.47449e-07, -0.244506
6.47135e-07, -0.244859
6.46821e-07, -0.245229
6.46507e-07, -0.245597
6.46194e-07, -0.245943
6.4588e-07, -0.246249
6.45568e-07, -0.246511
6.45255e-07, -0.246732
6.44943e-07, -0.246929
6.44631e-07, -0.247121
6.44319e-07, -0.247331
6.44008e-07, -0.247571
6.43697e-07, -0.247846
6.43386e-07, -0.248148
6.43075e-07, -0.248459
6.42765e-07, -0.248756
6.42455e-07, -0.24902
6.42146e-07, -0.249241
6.41837e-07, -0.249417
6.41528e-07, -0.249561
6.41219e-07, -0.249695
6.40911e-07, -0.249839
6.40602e-07, -0.250014
6.40295e-07, -0.250227
6.39987e-07, -0.250474
6.3968e-07, -0.25074
6.39373e-07, -0.251003
6.39066e-07, -0.25124
6.3876e-07, -0.251434
6.38454e-07, -0.251583
6.38148e-07, -0.251692
6.37843e-07, -0.251782
6.37538e-07, -0.251876
6.37233e-07, -0.251996
6.36928e-07, -0.252155
6.36624e-07, -0.252355
6.3632e-07, -0.252583
6.36017e-07, -0.252818
6.35713e-07, -0.253035
6.3541e-07, -0.253215
6.35107e-07, -0.253346
6.34805e-07, -0.253433
6.34502e-07, -0.253491
6.34201e-07, -0.253544
6.33899e-07, -0.253617
6.33597e-07, -0.253728
6.33296e-07, -0.253884
6.32996e-07, -0.254076
6.32695e-07, -0.254286
6.32395e-07, -0.254487
6.32095e-07, -0.254657
6.31795e-07, -0.25478
6.31496e-07, -0.254853
6.31197e-07, -0.254888
6.30898e-07, -0.254908
6.30599e-07, -0.25494
6.30301e-07, -0.255006
6.30003e-07, -0.255118
6.29705e-07, -0.255275
6.29408e-07, -0.255459
6.29111e-07, -0.255646
6.28814e-07, -0.255808
6.28518e-07, -0.255927
6.28221e-07, -0.255992
6.27925e-07, -0.256012
6.2763e-07, -0.256006
6.27334e-07, -0.256002
6.27039e-07, -0.256025
6.26744e-07, -0.256094
6.26449e-07, -0.256213
6.26155e-07, -0.256369
6.25861e-07, -0.25654
6.25567e-07, -0.256695
6.25274e-07, -0.256812
6.2498e-07, -0.256874
6.24688e-07, -0.256884
6.24395e-07, -0.256858
6.24102e-07, -0.256822
6.2381e-07, -0.256806
6.23518e-07, -0.256831
6.23227e-07, -0.25691
6.22935e-07, -0.257035
6.22644e-07, -0.257185
6.22354e-07, -0.257333
6.22063e-07, -0.257448
6.21773e-07, -0.257511
6.21483e-07, -0.257516
6.21193e-07, -0.257475
6.20904e-07, -0.257412
6.20615e-07, -0.257358
6.20326e-07, -0.257341
6.20037e-07, -0.257377
6.19749e-07, -0.257466
6.19461e-07, -0.257592
6.19173e-07, -0.257727
6.18885e-07, -0.257841
6.18598e-07, -0.257906
6.18311e-07, -0.25791
6.18024e-07, -0.25786
6.17738e-07, -0.257775
6.17452e-07, -0.257686
6.17166e-07, -0.257626
6.1688e-07, -0.257616
6.16595e-07, -0.257665
6.1631e-07, -0.257762
6.16025e-07, -0.257881
6.1574e-07, -0.25799
6.15456e-07, -0.258057
6.15172e-07, -0.258064
6.14888e-07, -0.258009
6.14604e-07, -0.257906
6.14321e-07, -0.257787
6.14038e-07, -0.257685
6.13755e-07, -0.257629
6.13472e-07, -0.257634
6.1319e-07, -0.257696
6.12908e-07, -0.257793
6.12626e-07, -0.257893
6.12345e-07, -0.257962
6.12064e-07, -0.257973
6.11783e-07, -0.257917
6.11502e-07, -0.257803
6.11222e-07, -0.257658
6.10941e-07, -0.257517
6.10661e-07, -0.257414
6.10382e-07, -0.257371
6.10102e-07, -0.257392
6.09823e-07, -0.257462
6.09544e-07, -0.257549
6.09265e-07, -0.257617
6.08987e-07, -0.257633
6.08709e-07, -0.25758
6.08431e-07, -0.25746
6.08153e-07, -0.257294
6.07876e-07, -0.257118
6.07599e-07, -0.256968
6.07322e-07, -0.256874
6.07045e-07, -0.256849
6.06769e-07, -0.256885
6.06493e-07, -0.256953
6.06217e-07, -0.257016
6.05941e-07, -0.257037
6.05666e-07, -0.25699
6.05391e-07, -0.256869
6.05116e-07, -0.256688
6.04841e-07, -0.25648
6.04567e-07, -0.256285
6.04293e-07, -0.256138
6.04019e-07, -0.256062
6.03745e-07, -0.256056
6.03472e-07, -0.256098
6.03199e-07, -0.256152
6.02926e-07, -0.256177
6.02653e-07, -0.256138
6.02381e-07, -0.256021
6.02108e-07, -0.255832
6.01837e-07, -0.2556
6.01565e-07, -0.255363
6.01293e-07, -0.255165
6.01022e-07, -0.255034
6.00751e-07, -0.25498
6.00481e-07, -0.254989
6.0021e-07, -0.255027
5.9994e-07, -0.255051
5.9967e-07, -0.255021
5.994e-07, -0.254911
5.99131e-07, -0.25472
5.98862e-07, -0.254469
5.98593e-07, -0.254195
5.98324e-07, -0.253946
5.98055e-07, -0.253757
5.97787e-07, -0.253649
5.97519e-07, -0.253617
5.97251e-07, -0.253632
5.96984e-07, -0.25365
5.96716e-07, -0.253628
5.96449e-07, -0.253529
5.96183e-07, -0.253341
5.95916e-07, -0.253077
5.9565e-07, -0.252773
5.95383e-07, -0.252473
5.95118e-07, -0.252225
5.94852e-07, -0.252058
5.94587e-07, -0.251976
5.94321e-07, -0.251959
5.94056e-07, -0.251967
5.93792e-07, -0.251949
5.93527e-07, -0.251862
5.93263e-07, -0.251683
5.92999e-07, -0.251415
5.92735e-07, -0.251085
5.92472e-07, -0.25074
5.92209e-07, -0.25043
5.91946e-07, -0.250197
5.91683e-07, -0.250056
5.9142e-07, -0.249997
5.91158e-07, -0.249984
5.90896e-07, -0.249965
5.90634e-07, -0.24989
5.90372e-07, -0.249724
5.90111e-07, -0.249458
5.8985e-07, -0.24911
5.89589e-07, -0.248725
5.89328e-07, -0.248356
5.89067e-07, -0.248053
5.88807e-07, -0.247845
5.88547e-07, -0.247733
5.88287e-07, -0.247689
5.88028e-07, -0.247661
5.87768e-07, -0.247595
5.87509e-07, -0.247444
5.8725e-07, -0.247185
5.86992e-07, -0.246827
5.86733e-07, -0.246407
5.86475e-07, -0.245981
5.86217e-07, -0.245605
5.85959e-07, -0.245322
5.85702e-07, -0.245145
5.85444e-07, -0.245056
5.85187e-07, -0.245009
5.84931e-07, -0.244946
5.84674e-07, -0.244809
5.84417e-07, -0.244562
5.84161e-07, -0.244201
5.83905e-07, -0.243754
5.8365e-07, -0.243274
5.83394e-07, -0.242823
5.83139e-07, -0.242456
5.82884e-07, -0.242201
5.82629e-07, -0.242053
5.82374e-07, -0.241974
5.8212e-07, -0.241904
5.81866e-07, -0.241778
5.81612e-07, -0.241546
5.81358e-07, -0.241189
5.81105e-07, -0.240721
5.80851e-07, -0.240191
5.80598e-07, -0.239664
5.80345e-07, -0.239205
5.80093e-07, -0.238859
5.7984e-07, -0.238635
5.79588e-07, -0.238507
5.79336e-07, -0.238417
5.79085e-07, -0.238295
5.78833e-07, -0.238078
5.78582e-07, -0.237729
5.78331e-07, -0.237248
5.7808e-07, -0.236673
5.77829e-07, -0.23607
5.77579e-07, -0.235513
5.77329e-07, -0.235061
5.77079e-07, -0.234743
5.76829e-07, -0.234545
5.76579e-07, -0.234418
5.7633e-07, -0.234289
5.76081e-07, -0.234082
5.75832e-07, -0.233744
5.75583e-07, -0.233255
5.75335e-07, -0.232641
5.75086e-07, -0.231963
5.74838e-07, -0.231301
5.7459e-07, -0.230728
5.74343e-07, -0.230293
5.74095e-07, -0.230001
5.73848e-07, -0.229815
5.73601e-07, -0.229661
5.73354e-07, -0.229456
5.73108e-07, -0.229126
5.72861e-07, -0.228634
5.72615e-07, -0.227986
5.72369e-07, -0.227234
5.72124e-07, -0.226459
5.71878e-07, -0.225749
5.71633e-07, -0.225173
5.71388e-07, -0.224757
5.71143e-07, -0.22448
5.70898e-07, -0.224277
5.70654e-07, -0.224056
5.70409e-07, -0.223729
5.70165e-07, -0.223233
5.69922e-07, -0.222554
5.69678e-07, -0.221727
5.69435e-07, -0.220831
5.69191e-07, -0.219965
5.68948e-07, -0.219217
5.68706e-07, -0.218639
5.68463e-07, -0.218233
5.68221e-07, -0.217944
5.67978e-07, -0.217682
5.67736e-07, -0.217341
5.67495e-07, -0.216834
5.67253e-07, -0.216121
5.67012e-07, -0.215214
5.66771e-07, -0.214185
5.6653e-07, -0.213137
5.66289e-07, -0.212178
5.66048e-07, -0.211389
5.65808e-07, -0.210799
5.65568e-07, -0.210373
5.65328e-07, -0.210025
5.65088e-07, -0.209638
5.64849e-07, -0.2091
5.6461e-07, -0.208338
5.6437e-07, -0.207338
5.64132e-07, -0.206151
5.63893e-07, -0.204883
5.63654e-07, -0.203658
5.63416e-07, -0.202587
5.63178e-07, -0.201733
5.6294e-07, -0.201089
5.62702e-07, -0.200582
5.62465e-07, -0.200089
5.62228e-07, -0.199473
5.6199e-07, -0.198625
5.61754e-07, -0.197493
5.61517e-07, -0.196102
5.6128e-07, -0.194547
5.61044e-07, -0.192966
5.60808e-07, -0.191501
5.60572e-07, -0.190255
5.60336e-07, -0.18926
5.60101e-07, -0.188464
5.59866e-07, -0.187747
5.5963e-07, -0.186949
5.59396e-07, -0.185921
5.59161e-07, -0.184563
5.58926e-07, -0.182861
5.58692e-07, -0.180887
5.58458e-07, -0.178785
5.58224e-07, -0.176725
5.5799e-07, -0.174856
5.57757e-07, -0.17326
5.57523e-07, -0.171921
5.5729e-07, -0.17073
5.57057e-07, -0.169511
5.56825e-07, -0.168068
5.56592e-07, -0.166244
5.5636e-07, -0.163968
5.56127e-07, -0.161273
5.55895e-07, -0.158294
5.55664e-07, -0.155225
5.55432e-07, -0.152263
5.55201e-07, -0.149545
5.54969e-07, -0.147108
5.54738e-07, -0.144862
5.54508e-07, -0.14262
5.54277e-07, -0.140141
5.54047e-07, -0.137203
5.53816e-07, -0.133664
5.53586e-07, -0.129513
5.53356e-07, -0.124869
5.53127e-07, -0.119951
5.52897e-07, -0.11501
5.52668e-07, -0.110249
5.52439e-07, -0.105757
5.5221e-07, -0.101481
5.51981e-07, -0.0972508
5.51753e-07, -0.0928604
5.51524e-07, -0.0881883
5.51296e-07, -0.0833311
5.51068e-07, -0.07871
5.5084e-07, -0.0751159
5.50613e-07, -0.0736678
5.50385e-07, -0.075678
5.50158e-07, -0.0824402
5.49931e-07, -0.094977
5.49704e-07, -0.113796
5.49478e-07, -0.138711
5.49251e-07, -0.168765
5.49025e-07, -0.202286
5.48799e-07, -0.237076
5.48573e-07, -0.270686
5.48347e-07, -0.300758
5.48122e-07, -0.325341
5.47896e-07, -0.343147
5.47671e-07, -0.353682
5.47446e-07, -0.357252
5.47221e-07, -0.354835
5.46997e-07, -0.347855
5.46772e-07, -0.337913
5.46548e-07, -0.326522
5.46324e-07, -0.314907
5.461e-07, -0.303883
5.45877e-07, -0.293847
5.45653e-07, -0.284848
5.4543e-07, -0.276713
5.45207e-07, -0.269202
5.44984e-07, -0.26213
5.44761e-07, -0.255446
5.44538e-07, -0.249251
5.44316e-07, -0.24375
5.44094e-07, -0.239183
5.43872e-07, -0.235727
5.4365e-07, -0.233429
5.43428e-07, -0.232174
5.43207e-07, -0.231694
5.42985e-07, -0.231627
5.42764e-07, -0.23159
5.42543e-07, -0.231269
5.42322e-07, -0.230475
5.42102e-07, -0.229175
5.41881e-07, -0.227476
5.41661e-07, -0.225584
5.41441e-07, -0.223728
5.41221e-07, -0.222098
5.41001e-07, -0.220789
5.40782e-07, -0.219782
5.40562e-07, -0.218956
5.40343e-07, -0.218126
5.40124e-07, -0.217104
5.39905e-07, -0.215751
5.39687e-07, -0.214016
5.39468e-07, -0.211948
5.3925e-07, -0.209682
5.39032e-07, -0.207397
5.38814e-07, -0.20527
5.38596e-07, -0.203424
5.38379e-07, -0.201897
5.38161e-07, -0.200639
5.37944e-07, -0.199526
5.37727e-07, -0.198395
5.3751e-07, -0.197093
5.37293e-07, -0.195518
5.37077e-07, -0.193642
5.3686e-07, -0.19152
5.36644e-07, -0.189268
5.36428e-07, -0.187031
5.36212e-07, -0.184944
5.35997e-07, -0.183092
5.35781e-07, -0.181492
5.35566e-07, -0.180088
5.35351e-07, -0.178768
5.35136e-07, -0.177399
5.34921e-07, -0.175858
5.34706e-07, -0.174069
5.34492e-07, -0.172019
5.34278e-07, -0.169761
5.34064e-07, -0.167396
5.3385e-07, -0.165047
5.33636e-07, -0.162819
5.33422e-07, -0.160779
5.33209e-07, -0.158932
5.32996e-07, -0.157224
5.32783e-07, -0.155556
5.3257e-07, -0.15381
5.32357e-07, -0.151883
5.32144e-07, -0.149709
5.31932e-07, -0.147281
5.3172e-07, -0.144645
5.31508e-07, -0.141893
5.31296e-07, -0.139132
5.31084e-07, -0.136458
5.30872e-07, -0.133929
5.30661e-07, -0.13155
5.3045e-07, -0.12927
5.30239e-07, -0.126997
5.30028e-07, -0.124617
5.29817e-07, -0.12203
5.29607e-07, -0.119167
5.29396e-07, -0.116016
5.29186e-07, -0.112618
5.28976e-07, -0.109062
5.28766e-07, -0.105457
5.28556e-07, -0.101908
5.28347e-07, -0.0984842
5.28137e-07, -0.0952019
5.27928e-07, -0.0920186
5.27719e-07, -0.088842
5.2751e-07, -0.0855534
5.27302e-07, -0.0820383
5.27093e-07, -0.0782173
5.26885e-07, -0.0740699
5.26676e-07, -0.0696435
5.26468e-07, -0.0650452
5.2626e-07, -0.0604186
5.26053e-07, -0.0559084
5.25845e-07, -0.0516245
5.25638e-07, -0.0476121
5.2543e-07, -0.0438385
5.25223e-07, -0.0402001
5.25016e-07, -0.0365516
5.2481e-07, -0.0327507
5.24603e-07, -0.0287088
5.24397e-07, -0.0244377
5.2419e-07, -0.0200772
5.23984e-07, -0.0158968
5.23778e-07, -0.0122675
5.23573e-07, -0.00960628
5.23367e-07, -0.00830283
5.23161e-07, -0.00864354
5.22956e-07, -0.0107476
5.22751e-07, -0.0145301
5.22546e-07, -0.0197015
5.22341e-07, -0.0258048
5.22137e-07, -0.0322852
5.21932e-07, -0.038578
5.21728e-07, -0.0441987
5.21524e-07, -0.0488169
5.2132e-07, -0.0522986
5.21116e-07, -0.0547108
5.20912e-07, -0.0562866
5.20709e-07, -0.0573613
5.20505e-07, -0.0582928
5.20302e-07, -0.0593853
5.20099e-07, -0.0608308
5.19896e-07, -0.0626814
5.19693e-07, -0.0648564
5.19491e-07, -0.0671783
5.19288e-07, -0.0694293
5.19086e-07, -0.0714122
5.18884e-07, -0.0730007
5.18682e-07, -0.0741675
5.1848e-07, -0.0749859
5.18278e-07, -0.0756035
5.18077e-07, -0.0762001
5.17876e-07, -0.0769382
5.17674e-07, -0.0779217
5.17473e-07, -0.079172
5.17273e-07, -0.0806273
5.17072e-07, -0.0821639
5.16871e-07, -0.0836334
5.16671e-07, -0.084904
5.16471e-07, -0.0858967
5.16271e-07, -0.0866041
5.16071e-07, -0.08709
5.15871e-07, -0.0874698
5.15671e-07, -0.0878765
5.15472e-07, -0.0884244
5.15273e-07, -0.0891781
5.15073e-07, -0.0901374
5.14874e-07, -0.0912391
5.14676e-07, -0.0923773
5.14477e-07, -0.093434
5.14278e-07, -0.0943123
5.1408e-07, -0.0949627
5.13882e-07, -0.0953958
5.13684e-07, -0.0956771
5.13486e-07, -0.0959081
5.13288e-07, -0.0961964
5.1309e-07, -0.0966265
5.12893e-07, -0.0972362
5.12696e-07, -0.0980081
5.12498e-07, -0.0988759
5.12301e-07, -0.099744
5.12105e-07, -0.100515
5.11908e-07, -0.101119
5.11711e-07, -0.101528
5.11515e-07, -0.101768
5.11319e-07, -0.101908
5.11122e-07, -0.102038
5.10927e-07, -0.102247
5.10731e-07, -0.102597
5.10535e-07, -0.103102
5.1034e-07, -0.103733
5.10144e-07, -0.104421
5.09949e-07, -0.105079
5.09754e-07, -0.105629
5.09559e-07, -0.106021
5.09364e-07, -0.106248
5.0917e-07, -0.106346
5.08975e-07, -0.106386
5.08781e-07, -0.106449
5.08587e-07, -0.106605
5.08393e-07, -0.106895
5.08199e-07, -0.107318
5.08005e-07, -0.107832
5.07812e-07, -0.108369
5.07618e-07, -0.108854
5.07425e-07, -0.109223
5.07232e-07, -0.109447
5.07039e-07, -0.109534
5.06846e-07, -0.10953
5.06653e-07, -0.109502
5.06461e-07, -0.109522
5.06268e-07, -0.109642
5.06076e-07, -0.109885
5.05884e-07, -0.110237
5.05692e-07, -0.110649
5.055e-07, -0.111055
5.05308e-07, -0.111391
5.05117e-07, -0.111612
5.04925e-07, -0.111702
5.04734e-07, -0.111685
5.04543e-07, -0.111609
5.04352e-07, -0.111537
5.04161e-07, -0.11153
5.03971e-07, -0.111625
5.0378e-07, -0.111829
5.0359e-07, -0.112116
5.034e-07, -0.112434
5.0321e-07, -0.112725
5.0302e-07, -0.112934
5.0283e-07, -0.113033
5.0264e-07, -0.11302
5.02451e-07, -0.112926
5.02261e-07, -0.112803
5.02072e-07, -0.112707
5.01883e-07, -0.112685
5.01694e-07, -0.11276
5.01505e-07, -0.112927
5.01317e-07, -0.113152
5.01128e-07, -0.113385
5.0094e-07, -0.113573
5.00752e-07, -0.113676
5.00563e-07, -0.113676
5.00375e-07, -0.113586
5.00188e-07, -0.11344
5e-07, -0.113289


